genes	avg_log2FC	p_val	adj.P.Val	pct.1	pct.2	tested_cluster	control_cluster	min.pct
LYZ	4.38380545916525	3.41928039829776e-170	5.8059381163096e-166	0.982	0.032	0	All	0.75
CST3	3.97586934636379	1.34264751677011e-169	2.27981548347564e-165	0.996	0.045	0	All	0.75
FCN1	3.36833372785252	1.29593027895674e-166	2.20048961366855e-162	0.942	0.008	0	All	0.75
S100A9	5.93483486941747	1.06675004669649e-164	1.81134157929063e-160	0.986	0.064	0	All	0.75
VCAN	3.43846944294075	1.04371629925156e-160	1.77223027612915e-156	0.935	0.024	0	All	0.75
S100A8	6.69238787250145	3.05598208046012e-158	5.18905757262129e-154	0.964	0.067	0	All	0.75
MNDA	2.73876302641629	1.77620004411582e-152	3.01598767490866e-148	0.878	0.005	0	All	0.75
TYROBP	3.10033741691499	2.77510653892521e-146	4.71213090309501e-142	0.986	0.101	0	All	0.75
SERPINA1	2.15126604998601	2.63738185532392e-142	4.47827439034002e-138	0.827	0.002	0	All	0.75
SPI1	2.41838603566117	2.83604121664941e-142	4.81559798587069e-138	0.896	0.054	0	All	0.75
TYMP	2.52013126834378	4.98186799929247e-142	8.45921186279861e-138	0.953	0.129	0	All	0.75
S100A12	3.04049610250816	7.06441574219574e-141	1.19953779302484e-136	0.824	0.003	0	All	0.75
CSF3R	2.03296739122349	3.68552315046081e-137	6.25801830948246e-133	0.813	0.005	0	All	0.75
CSTA	1.69394483550444	3.32611927361762e-130	5.64775052660271e-126	0.777	0.003	0	All	0.75
TNFAIP2	1.96507840198374	1.1936134990768e-129	2.02675572143241e-125	0.781	0.007	0	All	0.75
CD36	1.84340068478144	2.80912425445048e-129	4.76989298405692e-125	0.777	0.007	0	All	0.75
LST1	2.19527059490742	2.10515055273512e-128	3.57454563854424e-124	0.867	0.081	0	All	0.75
CEBPD	2.39215138350653	3.23073953907393e-128	5.48579573734753e-124	0.921	0.097	0	All	0.75
LGALS1	2.55368733702803	2.50158819212559e-127	4.24769675022925e-123	0.968	0.203	0	All	0.75
LILRB2	1.59179362614546	2.82964726529651e-127	4.80474105647347e-123	0.77	0.008	0	All	0.75
CTSS	2.67677081224746	3.05353097080258e-126	5.18489558842278e-122	0.978	0.326	0	All	0.75
CD14	2.02873952804586	9.86540320458282e-126	1.67514546413816e-121	0.759	0.007	0	All	0.75
AIF1	2.73845521230669	1.97659008819013e-125	3.35624996974684e-121	0.964	0.262	0	All	0.75
MS4A6A	1.72107463399112	5.20887043856037e-125	8.84466200467551e-121	0.759	0.005	0	All	0.75
GPX1	2.9560233355621	1.42564832943522e-124	2.420750863381e-120	0.996	0.449	0	All	0.75
NCF2	1.58833248433491	7.71326076056299e-122	1.3097116771436e-117	0.755	0.013	0	All	0.75
FCER1G	2.09453336674375	3.84135435832089e-121	6.52261970042888e-117	0.921	0.096	0	All	0.75
FTL	2.8752670878666	4.95091142986411e-121	8.40664760790926e-117	1	0.993	0	All	0.75
PSAP	2.4062721158825	6.98370650945562e-120	1.18583336530556e-115	0.996	0.565	0	All	0.75
FOS	3.48829514447508	2.21238131694918e-118	3.75662347617971e-114	0.975	0.434	0	All	0.75
S100A6	2.84824418939346	2.62225787796756e-113	4.45259387678891e-109	0.996	0.879	0	All	0.75
FGR	1.64572029943763	1.14587656234693e-109	1.94569840286509e-105	0.838	0.089	0	All	0.75
CYBB	1.77587669058444	1.7682745061956e-109	3.00253011152013e-105	0.827	0.089	0	All	0.75
AL512646.1	2.35581349753036	1.04247567911791e-108	1.7701237031422e-104	1	1	0	All	0.75
GRN	1.90132157254661	1.66322096312638e-108	2.82414919538859e-104	0.831	0.126	0	All	0.75
CTSD	1.63424934990361	2.62265189969553e-108	4.453262925683e-104	0.759	0.052	0	All	0.75
COTL1	2.03174712209614	5.04784619390758e-106	8.57124283725507e-102	0.989	0.629	0	All	0.75
S100A11	2.19239050474626	2.1959946186134e-105	3.72879886240555e-101	0.986	0.539	0	All	0.75
STXBP2	1.77532928210096	4.94520532433639e-105	8.39695864072318e-101	0.791	0.099	0	All	0.75
S100A4	2.30332975226537	8.29325903062178e-105	1.40819538339958e-100	0.996	0.716	0	All	0.75
NEAT1	2.46936364808376	5.47557902814024e-103	9.29753318978213e-99	0.975	0.531	0	All	0.75
GSTP1	1.97965590980523	1.69587311259465e-99	2.87959254518572e-95	0.957	0.461	0	All	0.75
FTH1	1.87850435663887	6.42672103401963e-99	1.09125723157653e-94	1	0.998	0	All	0.75
AC020916.1	1.67919005886827	6.56681356249829e-99	1.11504494291221e-94	0.777	0.097	0	All	0.75
TSPO	1.80139065529204	2.18490157716792e-95	3.70996287803112e-91	0.978	0.629	0	All	0.75
BRI3	1.74478061035863	8.50602010208474e-95	1.44432221333399e-90	0.906	0.341	0	All	0.75
SAT1	1.95446107856018	6.62292105947505e-94	1.12457199589886e-89	0.957	0.454	0	All	0.75
DUSP1	2.08436153237816	1.30797407416868e-92	2.22093997793842e-88	0.957	0.481	0	All	0.75
LINC00844	1.64580953019428	2.63093352590383e-90	4.4673251269847e-86	0.946	0.44	0	All	0.75
BTBD9	1.48671525703529	1.14117021272842e-88	1.93770702121286e-84	0.986	0.706	0	All	0.75
OAZ1	1.40981574906689	3.87055284586358e-88	6.57219873227636e-84	1	0.933	0	All	0.75
TALDO1	1.63088951564732	1.09051431927077e-87	1.85169331412176e-83	0.903	0.392	0	All	0.75
RNF130	1.41556925541762	6.85969325788577e-87	1.164775915189e-82	0.759	0.128	0	All	0.75
SH3BGRL3	1.38130329386531	1.00738125407664e-86	1.71053336942214e-82	0.996	0.963	0	All	0.75
APLP2	1.53312394799229	1.53062363786093e-86	2.59899893708785e-82	0.781	0.148	0	All	0.75
GAPDH	1.34950895409776	1.23104350477352e-84	2.09031187110544e-80	1	0.924	0	All	0.75
ANXA5	1.37533876100071	3.06859809467661e-82	5.21047956476088e-78	0.781	0.166	0	All	0.75
MYO1F	1.37957575388718	7.24622377758686e-82	1.23040879743425e-77	0.799	0.171	0	All	0.75
VIM	1.53273158634195	3.84200961822099e-79	6.52373233173924e-75	0.986	0.783	0	All	0.75
TMBIM4	1.3184431700683	3.81027477847383e-76	6.46984657384857e-72	0.827	0.269	0	All	0.75
ZNF333	1.27402702537532	5.13112211344242e-75	8.71264534862523e-71	0.91	0.435	0	All	0.75
GABARAP	1.33454618216453	5.57908200080753e-74	9.47328123737119e-70	0.978	0.827	0	All	0.75
FGF23	1.24642398676897	8.10511547751442e-73	1.37624860808195e-68	0.978	0.787	0	All	0.75
ANXA2	1.43169134466722	9.46354956240556e-73	1.60691071569646e-68	0.799	0.224	0	All	0.75
S100A10	1.52369610976206	9.39607872008445e-72	1.59545416667034e-67	0.982	0.77	0	All	0.75
TKT	1.39507082612489	1.0694807926137e-71	1.81597838585806e-67	0.906	0.523	0	All	0.75
ATP5F1E	0.908622639014163	9.71086902683533e-69	1.64890556075664e-64	1	0.995	0	All	0.75
MYL6	1.1634054530328	1.51933291605349e-67	2.57982729145883e-63	0.989	0.938	0	All	0.75
AP2S1	1.17589528009489	1.58893400719241e-66	2.69800994421271e-62	0.831	0.341	0	All	0.75
RAC1	1.26955713996512	1.87716658725857e-66	3.18742886516505e-62	0.899	0.514	0	All	0.75
SERF2	0.892869100500466	3.05430489373617e-66	5.18620970956402e-62	1	0.988	0	All	0.75
MT-ND2	0.970626677662781	4.72886322415394e-64	8.02960975461339e-60	1	0.985	0	All	0.75
PYCARD	1.28885307847986	9.77147512068072e-63	1.65919647549159e-58	0.752	0.272	0	All	0.75
EFHD2	1.14695243480089	1.05665938630622e-62	1.79420763794796e-58	0.835	0.299	0	All	0.75
AL359976.1	1.17606642545597	1.5911507773935e-61	2.70177402001416e-57	0.824	0.334	0	All	0.75
CYBA	1.03061844945069	2.79704903313571e-61	4.74938925826443e-57	0.993	0.891	0	All	0.75
HLA-DRA	0.844993239354121	6.07968585751326e-61	1.03233065860575e-56	0.849	0.158	0	All	0.75
KAT7	1.23132845830919	7.67084477090443e-61	1.30250944209957e-56	0.856	0.418	0	All	0.75
GNAI2	1.0140267058197	6.72396794108386e-60	1.14172975639604e-55	0.986	0.798	0	All	0.75
SRGN	1.15096831878879	1.15315463294138e-58	1.95805656673446e-54	0.928	0.489	0	All	0.75
MT-ND4	0.877021317879313	1.76959065784427e-58	3.00476493701958e-54	1	1	0	All	0.75
AHNAK	1.34209882578318	6.39500825050943e-58	1.0858724009365e-53	0.942	0.457	0	All	0.75
ELOB	1.04555251657961	1.12875974605567e-57	1.91663404880252e-53	0.953	0.782	0	All	0.75
FOSB	1.40592708083413	8.66787758366571e-56	1.47180561370644e-51	0.766	0.319	0	All	0.75
H3-3A	0.996266759009736	3.90403224448989e-55	6.62904675114384e-51	0.989	0.877	0	All	0.75
FLNA	1.16422628734899	1.23000061090985e-54	2.08854103732493e-50	0.914	0.457	0	All	0.75
LSP1	0.938594718765222	3.25683024742881e-52	5.53009776013412e-48	0.982	0.884	0	All	0.75
ITGB2	1.00035103885504	9.9424580151245e-52	1.68822937096814e-47	0.975	0.743	0	All	0.75
KLF6	1.18370485887745	5.96217689720755e-51	1.01237763714584e-46	0.928	0.576	0	All	0.75
TLN1	1.23994663040057	1.00302184655265e-49	1.70313109544639e-45	0.874	0.454	0	All	0.75
ATP6V0B	0.973493425895797	1.2380825507903e-49	2.10226417124193e-45	0.781	0.351	0	All	0.75
PKM	1.03394918605543	2.55022005293515e-49	4.33027364988389e-45	0.946	0.714	0	All	0.75
MT-ND1	0.779704542674145	2.91951886057965e-48	4.95734302526424e-44	1	0.998	0	All	0.75
LAMTOR4	0.949371701563604	3.77466075627385e-47	6.409373964153e-43	0.892	0.598	0	All	0.75
ATP5F1A	0.918116815089589	9.6493021349369e-47	1.63845150251229e-42	0.953	0.778	0	All	0.75
VSIR	0.96282566313741	9.54642093078099e-46	1.62098227404661e-41	0.888	0.553	0	All	0.75
ACTB	0.752148023940853	4.16415533899317e-42	7.07073576561041e-38	1	1	0	All	0.75
ARPC1B	0.907701902091856	1.03484001687709e-41	1.7571583486573e-37	0.842	0.497	0	All	0.75
LRRFIP1	0.832509584895166	5.38141549407504e-37	9.13764350893942e-33	0.924	0.664	0	All	0.75
LCP1	0.830307282371279	1.29010251480145e-36	2.19059407013286e-32	0.932	0.687	0	All	0.75
CLIC1	0.729780275994982	6.58277584556114e-34	1.11775533857628e-29	0.939	0.597	0	All	0.75
MCL1	0.88531932180144	5.99547662477517e-33	1.01803193088682e-28	0.813	0.521	0	All	0.75
CAST	0.820679331831755	3.17994111938829e-32	5.39954002072132e-28	0.777	0.45	0	All	0.75
TPI1	0.729829323064999	5.26124447855293e-31	8.93359312458287e-27	0.827	0.571	0	All	0.75
CALM2	0.739284637405535	6.62929656833846e-31	1.12565455730387e-26	0.932	0.82	0	All	0.75
VAMP8	0.754976609948546	8.84267427183531e-31	1.50148609135764e-26	0.835	0.592	0	All	0.75
COX8A	0.729878265863924	6.4531797306495e-30	1.09574991826428e-25	0.845	0.566	0	All	0.75
IQGAP1	0.738632340918532	9.89572175422267e-30	1.68029355386701e-25	0.759	0.408	0	All	0.75
FKBP1A	0.824903350178667	1.25061076275127e-29	2.12353707515166e-25	0.766	0.536	0	All	0.75
GRB2	0.780452767504275	2.02599473901951e-29	3.44013906685512e-25	0.755	0.466	0	All	0.75
GNB2	0.675932714209194	1.20803570810094e-28	2.0512446323554e-24	0.835	0.6	0	All	0.75
ALDOA	0.767722558835995	1.22616121679597e-28	2.08202174611956e-24	0.838	0.634	0	All	0.75
ZYX	0.807529141051307	6.27723437837551e-28	1.06587439744816e-23	0.845	0.548	0	All	0.75
TPM3	0.622994596141299	8.43262934717113e-26	1.43186046314966e-21	0.942	0.857	0	All	0.75
ATP5MPL	0.667439154491175	1.27795077724759e-24	2.16996041976641e-20	0.817	0.6	0	All	0.75
ZFP36	0.719206667116817	5.40326772013278e-24	9.17474858878547e-20	0.903	0.76	0	All	0.75
SAMHD1	0.719866304663886	5.66181555550298e-24	9.61376281324405e-20	0.867	0.598	0	All	0.75
NDUFB1	0.616763886181548	4.24858589571706e-23	7.21409885092756e-19	0.759	0.509	0	All	0.75
UQCR11	0.542503485268877	6.044117349281e-22	1.02629112590791e-17	0.946	0.852	0	All	0.75
ANXA1	0.58364623975824	4.48265280211057e-21	7.61154445798374e-17	0.809	0.489	0	All	0.75
ARPC3	0.573638992801814	1.0016425936528e-20	1.70078912402246e-16	0.964	0.854	0	All	0.75
SERP1	0.564256831786868	3.24211753514248e-20	5.50511557467193e-16	0.899	0.748	0	All	0.75
ENO1	0.560952940151838	3.45572036335203e-20	5.86781317697174e-16	0.885	0.736	0	All	0.75
IER2	0.65062542765852	5.04806307158852e-20	8.5716110955573e-16	0.914	0.77	0	All	0.75
ARPC5	0.607602536809559	1.07324158062815e-19	1.82236420390659e-15	0.867	0.721	0	All	0.75
AD000090.1	1.24281664125262	1.15705463088935e-19	1.96467876325011e-15	1	1	0	All	0.75
RHOA	0.52778542370723	3.87727885952247e-19	6.58361950346915e-15	0.971	0.891	0	All	0.75
EMP3	0.54709285307267	1.43922836855198e-18	2.44380976980127e-14	0.971	0.849	0	All	0.75
COX5B	0.539351914769119	3.01716985256088e-18	5.12315440964837e-14	0.845	0.713	0	All	0.75
SRRM2	0.501207584267239	2.89155574446746e-15	4.90986165410575e-11	0.863	0.672	0	All	0.75
AC010970.1	0.601903200824494	2.31871688614134e-13	3.937181272668e-09	1	1	0	All	0.75
GPX4	0.527042604593766	8.92650544573797e-13	1.51572062468631e-08	0.842	0.755	0	All	0.75
RPL30	0.912837672417459	1.15464239532783e-73	1.96058278726666e-69	1	1	1	All	0.75
RPS14	0.871882869764526	2.63039154070049e-72	4.46640483610944e-68	1	0.998	1	All	0.75
RPS15A	0.924722508862991	1.10612803582421e-71	1.87820540482951e-67	1	0.998	1	All	0.75
TCF7	1.44072967070901	2.10391421485817e-70	3.57244633682918e-66	0.963	0.423	1	All	0.75
RPL32	0.897809461003698	3.89674461327596e-70	6.61667235334257e-66	1	1	1	All	0.75
RPS3A	0.917081114962226	6.94114539924593e-70	1.17860648879196e-65	1	0.998	1	All	0.75
LEF1	1.29980774092407	1.55111624120828e-69	2.63379537757165e-65	0.923	0.27	1	All	0.75
RPS27	1.01549885041836	1.95682684768213e-69	3.32269198736426e-65	1	0.997	1	All	0.75
RPL35A	0.784172215099587	7.15848763497603e-68	1.21551120041893e-63	1	1	1	All	0.75
RPL11	0.790344943381371	1.20514099250645e-66	2.04632940527595e-62	1	1	1	All	0.75
RPL34	0.767340385550185	3.55358974907816e-65	6.03399539393472e-61	1	1	1	All	0.75
RPL37	0.764746607579266	4.41985079702131e-64	7.50490665334218e-60	1	0.998	1	All	0.75
RPS13	0.714633484651293	1.45218758014329e-61	2.4658145110833e-57	1	1	1	All	0.75
RPS25	0.923843067220214	3.02131005403806e-61	5.13018447175662e-57	1	1	1	All	0.75
SARAF	1.10762808422754	3.49569962356318e-61	5.93569796081028e-57	0.992	0.751	1	All	0.75
RPS27A	0.849088258706662	4.62889408836398e-61	7.85986216204204e-57	1	0.998	1	All	0.75
RPS12	0.935878477770067	4.77353378575666e-61	8.10546036821481e-57	1	0.998	1	All	0.75
RPL19	0.749711604671993	2.5326371890314e-58	4.30041794697532e-54	1	0.998	1	All	0.75
RPS28	0.659089976116271	3.72498311705326e-58	6.32502133275643e-54	1	1	1	All	0.75
CCR7	1.23553668137286	9.83820420192801e-57	1.67052707348738e-52	0.874	0.319	1	All	0.75
RPL5	0.829565204546348	1.47646017502164e-56	2.50702937718675e-52	1	0.997	1	All	0.75
RPL39	0.645260590459209	6.54289741019345e-56	1.11098398025085e-51	1	1	1	All	0.75
RPS23	0.768938880074708	1.68795068372824e-55	2.86614026097055e-51	1	0.998	1	All	0.75
RPS3	0.859918825050604	1.84945152590146e-55	3.14036869098068e-51	1	0.998	1	All	0.75
RPS8	0.744403255134702	2.38505263943252e-55	4.04981938175641e-51	1	0.998	1	All	0.75
RPS21	0.763640158273302	8.20192409846118e-55	1.39268671191871e-50	1	0.998	1	All	0.75
RPL13	0.779609383729797	2.43209970303252e-54	4.12970529574921e-50	1	0.998	1	All	0.75
RPL10	0.82343793580685	6.60210273897131e-54	1.12103704507733e-49	1	1	1	All	0.75
CAMK4	1.02669211762499	8.10886253492855e-53	1.37688485843087e-48	0.772	0.236	1	All	0.75
EEF1A1	0.633880234116297	8.35792851503837e-53	1.41917626185352e-48	1	0.998	1	All	0.75
EEF1B2	0.917488206341892	1.9554583799408e-52	3.32036832913948e-48	1	0.963	1	All	0.75
RPL36	0.717102349765509	2.89218002590603e-51	4.91092168398844e-47	1	0.998	1	All	0.75
RPS6	0.799912498558896	4.45834010167037e-51	7.57026149263629e-47	1	0.998	1	All	0.75
RPL14	0.79928873197429	5.61367270884341e-51	9.53201625961612e-47	1	0.997	1	All	0.75
RPS5	0.898073837679065	4.09614960810611e-50	6.95526203456418e-46	1	0.979	1	All	0.75
CD27	0.878967836515604	5.51703574409174e-50	9.36792669346777e-46	0.833	0.274	1	All	0.75
TPT1	0.743249104243119	1.53731778516444e-49	2.61036559920923e-45	1	1	1	All	0.75
RPL18	0.661959823807107	1.02788222259562e-48	1.74534401396737e-44	1	0.998	1	All	0.75
RPS4X	0.758142656581473	2.97630042047674e-48	5.0537581139695e-44	1	1	1	All	0.75
RPL3	0.857892732454911	6.38263599344941e-48	1.08377159168771e-43	1	0.995	1	All	0.75
CD3E	1.06479803137174	1.67087615238827e-47	2.83714770675527e-43	0.984	0.463	1	All	0.75
RPS16	0.695512605633287	2.14829469934823e-47	3.64780439949329e-43	1	0.998	1	All	0.75
RPL29	0.65482995544372	2.61836635956902e-47	4.4459860785482e-43	1	0.998	1	All	0.75
RPL24	0.645164313210211	3.78015692920274e-46	6.41870646578625e-42	1	0.99	1	All	0.75
RPS29	0.782394754027947	1.22137863231068e-45	2.07390091766353e-41	1	0.995	1	All	0.75
RPS15	0.576241444463136	5.88199614198334e-45	9.98762944908771e-41	1	1	1	All	0.75
RPL22	0.695354971991509	3.80938745980978e-44	6.468339906757e-40	1	0.989	1	All	0.75
RPL41	0.579172702120901	8.11482977969053e-44	1.37789809659145e-39	1	1	1	All	0.75
NPM1	0.846205072454044	4.13948065522448e-43	7.02883815257117e-39	0.996	0.842	1	All	0.75
RPL10A	0.722485417322521	9.56810851183804e-43	1.6246648253101e-38	1	0.992	1	All	0.75
TOMM7	0.753772469242699	1.68504836544687e-42	2.86121212452878e-38	1	0.957	1	All	0.75
C12orf57	0.897659680511487	3.81436396161969e-42	6.47679000683024e-38	0.951	0.525	1	All	0.75
NACA	0.604873060743988	9.66003369700298e-42	1.64027372175111e-37	1	0.998	1	All	0.75
RPS18	0.783125596177031	1.29700943473141e-41	2.20232202017393e-37	1	0.998	1	All	0.75
RPL18A	0.667642959114076	3.73649677285903e-41	6.34457152031463e-37	1	0.998	1	All	0.75
RACK1	0.566460721877762	1.14710667711804e-39	1.94778713774643e-35	1	0.998	1	All	0.75
SNHG29	0.800421048937892	2.52489994818051e-39	4.28728011201051e-35	0.984	0.825	1	All	0.75
RPL4	0.666857127961697	3.20320699328669e-39	5.43904547460081e-35	1	0.995	1	All	0.75
RPS7	0.551499884962024	1.1279909791563e-38	1.9153286826074e-34	1	1	1	All	0.75
TLE5	0.778941817673941	2.12161128022816e-38	3.60249595382742e-34	0.988	0.796	1	All	0.75
LINC00861	0.816085911496371	2.21539427059983e-38	3.76173947147851e-34	0.785	0.292	1	All	0.75
CD3G	0.782671623713517	2.50477150107207e-38	4.25310200882038e-34	0.837	0.332	1	All	0.75
RPL28	0.546662332087	3.21750464798581e-38	5.4633228922799e-34	1	0.998	1	All	0.75
CD3D	0.815905115665808	2.81764898018413e-37	4.78436796835266e-33	0.902	0.384	1	All	0.75
RPLP2	0.532030717413155	5.32463376466096e-37	9.04122813239431e-33	1	0.998	1	All	0.75
SELL	0.835697024783346	8.56178327079192e-37	1.45379079938047e-32	0.955	0.665	1	All	0.75
NOSIP	0.780900972960716	9.60853158540771e-37	1.63152866320223e-32	0.935	0.525	1	All	0.75
RPL6	0.523135879716039	5.03839902775024e-36	8.5552015491199e-32	1	0.998	1	All	0.75
CD247	0.620901303090545	6.14717158037409e-34	1.04378973434752e-29	0.817	0.332	1	All	0.75
GIMAP7	0.749465198171372	8.84246049030945e-33	1.50144979125455e-28	0.959	0.681	1	All	0.75
RPL8	0.54100153153647	1.08218377164598e-32	1.83754804425487e-28	1	0.998	1	All	0.75
RPS4Y1	0.61966354928086	3.10784469247939e-32	5.27712028783e-28	0.992	0.931	1	All	0.75
EVL	0.718194533442821	7.01042261958602e-32	1.19036976080571e-27	0.951	0.614	1	All	0.75
CD7	0.675803389815083	9.32047424290703e-32	1.58261652644561e-27	0.87	0.394	1	All	0.75
IL7R	0.749825109516703	1.99379479838279e-31	3.38546356765397e-27	0.915	0.423	1	All	0.75
PABPC1	0.522989449585235	2.37411660297741e-31	4.03124999185564e-27	1	0.997	1	All	0.75
IFITM1	0.727066592349868	3.26486607839056e-31	5.54374260110718e-27	0.984	0.569	1	All	0.75
ETS1	0.83136440817139	3.37115730070808e-31	5.72422509660232e-27	0.898	0.523	1	All	0.75
RPL38	0.578370980432477	1.57612237462504e-30	2.67625579211332e-26	0.996	0.981	1	All	0.75
EEF2	0.569445215304439	1.67782355350787e-30	2.84894439385637e-26	1	0.995	1	All	0.75
NDFIP1	0.710804787028754	2.98829970635021e-29	5.07413290138265e-25	0.829	0.501	1	All	0.75
LBH	0.637272392975479	9.68673383390771e-29	1.64480740499753e-24	0.789	0.357	1	All	0.75
MALAT1	0.585152208261722	1.5015974528886e-28	2.54971247500485e-24	1	0.998	1	All	0.75
NOP53	0.691118422522451	4.02683078773001e-28	6.83755867756556e-24	0.943	0.774	1	All	0.75
GYPC	0.694485155640653	6.02827305616618e-28	1.02360076493702e-23	0.833	0.455	1	All	0.75
PCED1B-AS1	0.76066895077045	7.87683209003908e-28	1.33748608888864e-23	0.821	0.439	1	All	0.75
RPSA	0.626292251588994	8.43484103805143e-28	1.43223600826113e-23	1	0.963	1	All	0.75
LCK	0.669019134241578	9.56861326005678e-28	1.62475053155764e-23	0.833	0.404	1	All	0.75
LEPROTL1	0.636667547022846	3.46599522115704e-27	5.88525988552465e-23	0.817	0.445	1	All	0.75
GAS5	0.66079184466358	1.25011623441036e-26	2.12269736602879e-22	0.919	0.648	1	All	0.75
BTG1	0.607548852187626	4.16294300168426e-26	7.06867721685988e-22	0.984	0.93	1	All	0.75
RPL31	0.509146118788016	8.1272986797385e-25	1.3800153158196e-20	0.996	0.965	1	All	0.75
RPS19	0.531504973577722	1.74365251426536e-24	2.96072196922259e-20	1	0.998	1	All	0.75
RPS2P5	0.523040521931112	1.9072783505564e-23	3.23855863924476e-19	0.988	0.922	1	All	0.75
FCMR	0.511558197459411	2.47051302670694e-22	4.19493111934839e-18	0.833	0.442	1	All	0.75
HSPA8	0.565016691467952	4.27948324820996e-22	7.26656255546051e-18	0.988	0.834	1	All	0.75
EIF3E	0.598305440138712	4.88568240845496e-22	8.29588872955653e-18	0.894	0.726	1	All	0.75
ST13	0.610836397406216	9.38789559719988e-22	1.59406467240454e-17	0.793	0.531	1	All	0.75
SNHG8	0.513305859745678	7.2567133086893e-21	1.23218991981544e-16	0.858	0.573	1	All	0.75
FYB1	0.582098009865485	5.12811555697012e-20	8.70754021573527e-16	0.963	0.775	1	All	0.75
TMEM123	0.59637693187886	8.5913253470961e-20	1.45880704393692e-15	0.772	0.494	1	All	0.75
ANP32B	0.520183605998731	3.41543557029172e-19	5.79940959835534e-15	0.878	0.656	1	All	0.75
MZT2B	0.506617606365463	9.09078061155504e-18	1.54361454784204e-13	0.874	0.713	1	All	0.75
IL32	1.69197654983252	7.68368337582533e-53	1.30468943721514e-48	1	0.579	2	All	0.75
B2M	0.775253761423984	5.57065166240009e-32	9.45896652275536e-28	1	1	2	All	0.75
IL7R	1.40945310653011	1.05234576905932e-30	1.78688311586273e-26	0.904	0.499	2	All	0.75
CALM1	0.715667672084083	3.71564868577262e-24	6.30917146844191e-20	0.993	0.934	2	All	0.75
ARL4C	0.930455116630651	8.18639981356867e-24	1.39005068834396e-19	0.83	0.462	2	All	0.75
TC2N	0.744069463886878	1.1625384301393e-23	1.97399025437654e-19	0.756	0.306	2	All	0.75
CD3D	0.681748925905633	2.37808177748123e-18	4.03798285816313e-14	0.881	0.466	2	All	0.75
CD3E	0.682740892035964	4.52325831615619e-17	7.68049262083322e-13	0.985	0.541	2	All	0.75
LTB	1.09188365629006	1.1567665984176e-16	1.96418968411309e-12	0.933	0.722	2	All	0.75
CD3G	0.616117665393161	4.11666483362499e-16	6.99009688749524e-12	0.8	0.415	2	All	0.75
CD99	0.58913817669235	1.81383742172979e-14	3.07989594209719e-10	0.874	0.654	2	All	0.75
GSTK1	0.634728980506233	4.13831403152502e-14	7.02685722552948e-10	0.881	0.729	2	All	0.75
ETS1	0.594373519393636	4.39554168826221e-14	7.46362978666924e-10	0.896	0.58	2	All	0.75
IFITM1	0.590450692478559	2.89968105207077e-13	4.92365842641616e-09	0.985	0.631	2	All	0.75
HSPA8	0.532117795372389	1.26010493202723e-12	2.13965817458224e-08	1	0.855	2	All	0.75
CD81	0.539595137429853	2.16595790893693e-12	3.6777965293749e-08	0.756	0.458	2	All	0.75
ANXA1	0.642208684711883	1.58673250935571e-11	2.69427180088599e-07	0.83	0.547	2	All	0.75
FYN	0.502245906574498	4.50006036723739e-10	7.64110250356909e-06	0.756	0.484	2	All	0.75
CD8B	2.53817638388178	4.10595061919074e-145	6.97190415138588e-141	0.971	0.036	3	All	0.75
CD8A	1.93977011302265	2.66348191580939e-111	4.52259229304435e-107	0.922	0.061	3	All	0.75
CTSW	0.914613037123521	3.28018163486977e-38	5.56974841600886e-34	0.874	0.243	3	All	0.75
CD7	0.982533272910783	1.19963880947021e-27	2.03698669848041e-23	0.971	0.469	3	All	0.75
CD3E	0.931784430376377	1.14547484959889e-23	1.94501629461892e-19	1	0.557	3	All	0.75
RPS12	0.729754769507585	7.15177987494345e-23	1.2143722227654e-18	1	0.999	3	All	0.75
CD3D	0.780358354455155	1.29348312295706e-21	2.1963343427811e-17	0.971	0.471	3	All	0.75
CD27	0.749399437379154	2.25964456194351e-21	3.83687646618008e-17	0.864	0.374	3	All	0.75
RPS3A	0.625680961936212	2.82251714032244e-21	4.79263410426751e-17	1	0.999	3	All	0.75
LEF1	0.95446738326668	4.01050032814744e-21	6.80982955719435e-17	0.874	0.397	3	All	0.75
LCK	0.738238373287919	4.73849903301954e-21	8.04597135806717e-17	0.961	0.466	3	All	0.75
RPS19	0.564016174035172	1.58902840487834e-20	2.69817023148342e-16	1	0.999	3	All	0.75
RPL14	0.615171923714993	2.14697344701643e-20	3.6455609130339e-16	1	0.997	3	All	0.75
RPS21	0.593705763404783	5.73739181148936e-20	9.74209129590893e-16	1	0.999	3	All	0.75
RPL32	0.609337232239813	2.00385510824717e-19	3.4025459738037e-15	1	1	3	All	0.75
NPM1	0.711872802895185	2.11107150300901e-19	3.5845994121093e-15	1	0.87	3	All	0.75
RPS3	0.648845475761505	3.18437546331191e-19	5.40706953670362e-15	1	0.999	3	All	0.75
RPS5	0.698973549896858	4.03322880675045e-19	6.84842251386226e-15	1	0.983	3	All	0.75
LDLRAP1	0.663809369073966	4.3659115891717e-19	7.41331787841355e-15	0.767	0.327	3	All	0.75
MT-ND4L	0.644693463658996	4.71622021528774e-19	8.00814192555859e-15	1	0.964	3	All	0.75
EEF1B2	0.672130124366538	2.10541648774883e-18	3.57499719619751e-14	1	0.97	3	All	0.75
RPS6	0.598767052206088	3.55507951404486e-18	6.03652501484817e-14	1	0.999	3	All	0.75
RPS14	0.535505281487005	5.66633653784673e-18	9.62143944126376e-14	1	0.999	3	All	0.75
RPL10	0.599853161417959	7.68201215302757e-18	1.30440566358408e-13	1	1	3	All	0.75
RPS27A	0.577842293057835	1.18890957661171e-17	2.01876846108669e-13	1	0.999	3	All	0.75
SARAF	0.704064264315938	1.68009817993603e-17	2.85280670953138e-13	0.99	0.796	3	All	0.75
RPS8	0.534963807423782	3.47969943002827e-17	5.908529632188e-13	1	0.999	3	All	0.75
IFITM1	0.770152061534306	4.33739468474839e-17	7.36489617470277e-13	1	0.644	3	All	0.75
LEPROTL1	0.662589557350257	4.71623233636712e-17	8.00816250715137e-13	0.864	0.508	3	All	0.75
RPL19	0.532577174555056	5.07980929017322e-17	8.62551617471412e-13	1	0.999	3	All	0.75
RPL5	0.600307966088459	8.35857271672807e-17	1.41928564730043e-12	1	0.997	3	All	0.75
RPSA	0.63863256556228	9.77895128160625e-17	1.66046592761674e-12	1	0.97	3	All	0.75
RPL12	0.511070877934494	1.04821396299139e-16	1.77986730915938e-12	1	0.999	3	All	0.75
RPS4X	0.580853370813702	1.0749191724159e-16	1.82521275476219e-12	1	1	3	All	0.75
CCR7	0.774087251559408	1.87482535528668e-16	3.18345345327679e-12	0.825	0.429	3	All	0.75
STK17A	0.69485330025441	2.86408406876779e-16	4.8632147487677e-12	0.845	0.445	3	All	0.75
IL32	0.716286352835432	4.46040689857854e-16	7.57377091378636e-12	1	0.596	3	All	0.75
C12orf57	0.639870813975301	7.00021745809288e-16	1.18863692438417e-11	0.981	0.6	3	All	0.75
PCED1B-AS1	0.724238974243264	8.44134282013903e-16	1.43334001085961e-11	0.903	0.499	3	All	0.75
RPL13	0.524916249114235	1.50122354914264e-15	2.5490775864442e-11	1	0.999	3	All	0.75
PRMT2	0.585992131856899	1.65341942703404e-15	2.8075061871038e-11	0.883	0.5	3	All	0.75
RPS25	0.579851859117528	1.67826331944692e-15	2.84969111642088e-11	1	1	3	All	0.75
RPL30	0.539516565565839	2.02711022776994e-15	3.44203316675336e-11	1	1	3	All	0.75
TCF7	0.712050019960404	2.07335588936132e-15	3.52055830013552e-11	0.971	0.522	3	All	0.75
RPL3	0.623192072828671	2.29060635697226e-15	3.8894495941389e-11	1	0.996	3	All	0.75
PIK3IP1	0.639179702565252	3.81558002472148e-15	6.47885488197708e-11	0.777	0.384	3	All	0.75
RPS2P5	0.534785247099483	1.05889842333006e-14	1.79800952281445e-10	1	0.932	3	All	0.75
RPS18	0.575115164523172	1.39041903866552e-14	2.36093152765405e-10	1	0.999	3	All	0.75
HSPA8	0.589599764651313	1.50085850574678e-14	2.54845774275804e-10	1	0.861	3	All	0.75
RPS29	0.550787503597575	1.61545836424432e-14	2.74304830248685e-10	1	0.996	3	All	0.75
RPS23	0.504321867312824	2.11961120113902e-14	3.59909981953405e-10	1	0.999	3	All	0.75
RPS15A	0.538270544973901	2.14932363662347e-14	3.64955153498665e-10	1	0.999	3	All	0.75
CD3G	0.567396501753807	3.15914121542518e-14	5.36422178379195e-10	0.854	0.423	3	All	0.75
RPS4Y1	0.576353500743553	4.13264156312161e-14	7.01722537418049e-10	1	0.942	3	All	0.75
RPL10A	0.536564636082365	7.09736889311533e-14	1.20513323805098e-09	1	0.994	3	All	0.75
NOSIP	0.700165818622852	1.94397710462135e-13	3.30087312364705e-09	0.951	0.599	3	All	0.75
SNHG29	0.575654564780037	4.96084974633488e-13	8.42352286927662e-09	0.942	0.86	3	All	0.75
SNHG8	0.668084627386224	6.76553859064799e-13	1.14878845269203e-08	0.893	0.621	3	All	0.75
EVL	0.570699964682485	8.14640209043446e-13	1.38325907495577e-08	0.971	0.674	3	All	0.75
MCUB	0.506679972936742	9.74174898840321e-13	1.65414897823086e-08	0.825	0.445	3	All	0.75
IL7R	0.622680487625935	1.19411124072909e-12	2.027600886758e-08	0.913	0.514	3	All	0.75
NDFIP1	0.585447718627462	1.20128681193312e-10	2.03978500666244e-06	0.816	0.564	3	All	0.75
GAS5	0.544327021897934	1.73421060886312e-10	2.94468961384958e-06	0.883	0.703	3	All	0.75
GYPC	0.504454600552037	6.77348288488248e-10	1.15013739385304e-05	0.816	0.527	3	All	0.75
SUN2	0.516697853388028	8.7050421044618e-10	1.47811614933761e-05	0.835	0.562	3	All	0.75
ATM	0.557385611401604	2.54446727366099e-09	4.32050543067636e-05	0.767	0.497	3	All	0.75
IGHM	3.08321336824898	3.28498746188079e-178	5.57790871027359e-174	0.938	0	4	All	0.75
MS4A1	3.35737296069459	5.63333744399387e-174	9.56540697990158e-170	0.938	0.003	4	All	0.75
LINC00926	2.43055525703875	5.1264092265154e-157	8.70464286662314e-153	0.875	0.005	4	All	0.75
BANK1	2.39808504291979	7.37116587006465e-152	1.25162396473698e-147	0.887	0.01	4	All	0.75
FCER2	2.11840837972097	1.51061132628227e-146	2.56501803202729e-142	0.825	0.005	4	All	0.75
CD79A	3.40890121107487	3.80972598387533e-146	6.46891472062031e-142	0.963	0.028	4	All	0.75
NIBAN3	2.0451415203176	6.95742636984915e-143	1.18137099760039e-138	0.887	0.016	4	All	0.75
HLA-DQA2	1.69257760036812	2.54903034900292e-116	4.32825353260695e-112	0.838	0.028	4	All	0.75
RALGPS2	1.72255764617871	2.04656661891735e-109	3.47507011892166e-105	0.875	0.045	4	All	0.75
CD79B	2.18069292551509	2.9380485720534e-99	4.98880647534667e-95	0.925	0.077	4	All	0.75
HLA-DQB1	2.09318950103608	3.32504493127944e-96	5.64592629331248e-92	0.975	0.093	4	All	0.75
HLA-DQA1	1.35441527686475	1.23418730906031e-95	2.0956500507844e-91	0.762	0.034	4	All	0.75
AFF3	1.51938146548785	5.88341259651595e-81	9.99003458888408e-77	0.812	0.072	4	All	0.75
HVCN1	1.89522780186927	2.78908412207692e-69	4.73586483928662e-65	0.9	0.142	4	All	0.75
HLA-DRB5	2.40720498344776	3.74829670191116e-68	6.36460779984514e-64	1	0.218	4	All	0.75
HLA-DMA	1.57702836881979	1.87147529344635e-60	3.1777650482719e-56	0.975	0.193	4	All	0.75
HLA-DRA	2.92467061628829	1.26895993723877e-59	2.15469397343144e-55	1	0.315	4	All	0.75
IRF8	1.41069422437616	2.75969386500097e-59	4.68596018277165e-55	0.787	0.101	4	All	0.75
MEF2C	1.6855271524161	1.2007452988778e-56	2.0388655174945e-52	0.938	0.19	4	All	0.75
HLA-DPB1	1.69651179399385	1.70770095193419e-55	2.89967621638426e-51	1	0.267	4	All	0.75
HLA-DPA1	2.14941637786158	2.17392120451636e-55	3.69131820526878e-51	1	0.314	4	All	0.75
BCL11A	1.28891796253091	1.49722576712337e-49	2.54228935257548e-45	0.775	0.13	4	All	0.75
CD74	3.69671421433794	6.89567919403403e-48	1.17088632714698e-43	1	0.863	4	All	0.75
CD37	2.04107125170686	1.12792923399621e-41	1.91522383932556e-37	1	0.932	4	All	0.75
SNX2	1.27467581226919	1.89018813940801e-39	3.20953946071481e-35	0.9	0.279	4	All	0.75
HLA-DRB1	1.16020711188349	4.09724368374369e-37	6.95711977499678e-33	0.9	0.23	4	All	0.75
NAPSB	1.04371204777965	7.00660618529784e-35	1.18972173026357e-30	0.825	0.19	4	All	0.75
PRKCB	0.915841477509315	1.11276742681159e-22	1.88947909072608e-18	0.875	0.411	4	All	0.75
FCMR	1.31707695094364	3.62529207550651e-22	6.15574594421005e-18	0.912	0.516	4	All	0.75
CD52	0.807202998118939	1.99322142845536e-18	3.38448998551721e-14	0.988	0.952	4	All	0.75
EZR	0.918248226128601	3.85912851557027e-17	6.55280021943831e-13	0.825	0.419	4	All	0.75
LTB	0.906947449465234	7.17833326586465e-17	1.21888098854382e-12	0.975	0.733	4	All	0.75
LAPTM5	0.74526455007451	1.09885742716967e-16	1.8658599113341e-12	0.988	0.957	4	All	0.75
SNX3	0.88048256678319	1.72278183771303e-15	2.92528356043673e-11	0.838	0.531	4	All	0.75
POLD4	0.754239682197088	1.55195565504135e-13	2.63522070226022e-09	0.775	0.417	4	All	0.75
MT-ND4L	0.638809307642127	3.0639522747133e-13	5.20259096246318e-09	1	0.965	4	All	0.75
SP100	0.735167310746661	3.18564058234086e-13	5.40921770881477e-09	0.825	0.492	4	All	0.75
RPL18A	0.529252407296819	4.63051355812692e-13	7.86261202169951e-09	1	0.999	4	All	0.75
SEC62	0.672897368258768	1.58123357291522e-12	2.68493460681005e-08	0.863	0.523	4	All	0.75
POU2F2	0.550408867027647	3.46499686739986e-12	5.88356468084496e-08	0.787	0.375	4	All	0.75
SELL	0.747731046897273	1.48611220372716e-11	2.52341852192872e-07	0.95	0.726	4	All	0.75
BTG1	0.687957687020429	1.67200509946168e-11	2.83906465888593e-07	0.95	0.945	4	All	0.75
CD81	0.667779363878769	5.38076474849481e-11	9.13653854294419e-07	0.775	0.477	4	All	0.75
FOXP1	0.773930536876291	5.79337009533131e-11	9.83714242187256e-07	0.787	0.532	4	All	0.75
ZFP36L1	0.710834660626852	7.64545231194385e-11	1.29819780256807e-06	0.9	0.773	4	All	0.75
TAGLN2	0.54871989487973	3.94536812564705e-10	6.69923507734869e-06	0.938	0.782	4	All	0.75
LIMD2	0.560331827969669	6.71032146395889e-10	1.13941258458022e-05	0.975	0.936	4	All	0.75
PTPN6	0.733996585040915	1.25253408223322e-09	2.126802871632e-05	0.9	0.646	4	All	0.75
RCSD1	0.61690292472186	1.86466572993716e-09	3.16620240943329e-05	0.775	0.485	4	All	0.75
CD53	0.614390274938824	5.9092339614282e-09	0.000100338792665051	0.85	0.622	4	All	0.75
SMAP2	0.542000799714367	6.05754169387964e-09	0.000102857057962076	0.925	0.707	4	All	0.75
GDI2	0.544404334074973	3.29309411420699e-08	0.000559167380592347	0.863	0.586	4	All	0.75
UCP2	0.616274233054924	4.89770836419595e-08	0.000831630880240472	0.863	0.681	4	All	0.75
GZMB	3.31968001426314	6.13494466949659e-150	1.04171360488052e-145	0.968	0.008	5	All	0.75
SH2D1B	1.53423402030201	1.63364786443024e-141	2.77393407380255e-137	0.774	0.001	5	All	0.75
KLRF1	1.83781971305116	2.04164763298582e-138	3.46671768080993e-134	0.839	0.005	5	All	0.75
FGFBP2	2.93507586710635	1.48693239790289e-125	2.52481121163911e-121	0.871	0.011	5	All	0.75
GNLY	5.80849991683364	3.20955189378989e-116	5.44981911565524e-112	0.968	0.023	5	All	0.75
FCGR3A	2.26815482444304	2.39265578934089e-108	4.06272953030084e-104	0.871	0.017	5	All	0.75
TBX21	2.12824440547714	5.07271313601035e-98	8.61346690494557e-94	0.903	0.026	5	All	0.75
SPON2	3.23314733620936	1.90326026994683e-87	3.23173593836972e-83	0.935	0.039	5	All	0.75
S1PR5	1.72358738555601	1.26051859556544e-81	2.14036057527011e-77	0.774	0.023	5	All	0.75
CLIC3	2.69906338418375	4.20275333765978e-78	7.13627516734631e-74	0.903	0.043	5	All	0.75
KLRD1	2.35105099422491	1.1860752924443e-72	2.01395584657043e-68	0.935	0.052	5	All	0.75
GZMA	3.1938655762918	5.69840618962262e-66	9.6758937099792e-62	0.968	0.07	5	All	0.75
TTC38	1.42015398087978	7.26397958214216e-63	1.23342373304774e-58	0.774	0.038	5	All	0.75
CST7	3.25900752981873	7.89464857454398e-62	1.34051132795757e-57	1	0.086	5	All	0.75
IL2RB	2.09946815140542	7.80401993720786e-60	1.32512258533789e-55	0.903	0.067	5	All	0.75
NKG7	4.5340306332105	1.55480760422007e-56	2.64006331196568e-52	1	0.102	5	All	0.75
HOPX	2.36035593494418	7.78333907135959e-47	1.32161097431686e-42	0.903	0.096	5	All	0.75
PRF1	3.50124921287646	1.23904459752878e-45	2.10389772660386e-41	0.968	0.132	5	All	0.75
KLRB1	1.99536297593571	4.11377918728198e-44	6.9851970600048e-40	0.935	0.095	5	All	0.75
CX3CR1	2.31693617812435	2.66579881849918e-41	4.52652639381161e-37	0.871	0.102	5	All	0.75
CCL5	2.61185592798015	4.22083937834263e-35	7.16698526442578e-31	0.871	0.11	5	All	0.75
PYHIN1	1.25282317068705	8.01561218074089e-34	1.3610509482898e-29	0.774	0.089	5	All	0.75
CTSW	2.78469659858922	4.9989714440236e-29	8.48825351195207e-25	1	0.292	5	All	0.75
ABI3	1.33302756101399	4.11523329530925e-28	6.98766613543512e-24	0.871	0.153	5	All	0.75
CD300A	1.37478300557946	2.70334468864067e-27	4.59027928131186e-23	0.806	0.129	5	All	0.75
APMAP	1.50983328533971	5.08310238973138e-25	8.63110785776388e-21	0.806	0.162	5	All	0.75
CD247	1.92476101971258	4.20837890665085e-22	7.14582738349314e-18	1	0.449	5	All	0.75
PLEK	1.50896493920118	3.60483061652483e-19	6.12100238685916e-15	0.935	0.272	5	All	0.75
EFHD2	1.83779843336935	3.69773192584634e-19	6.27874881008708e-15	0.968	0.451	5	All	0.75
IFITM1	1.86603765835904	3.72185657511962e-19	6.31971246455312e-15	1	0.675	5	All	0.75
SRGN	1.62633174300537	2.56973005280309e-18	4.36340162965964e-14	1	0.615	5	All	0.75
PFN1	1.50960647651541	3.66746268935175e-18	6.22735164651927e-14	1	0.998	5	All	0.75
B2M	1.16566132090214	4.57613129529484e-18	7.77027093941063e-14	1	1	5	All	0.75
DHRS7	1.18618862531129	6.2065243172927e-18	1.0538678290763e-13	0.968	0.372	5	All	0.75
XBP1	1.44264538278643	7.52333784094343e-18	1.27746276539219e-13	0.968	0.368	5	All	0.75
TGFB1	1.27565634878278	2.09936763793131e-17	3.56472624920736e-13	1	0.791	5	All	0.75
CD7	1.84731170348299	1.71724022998149e-16	2.91587391050857e-12	1	0.511	5	All	0.75
SPN	1.26249600459772	5.91544774281718e-16	1.00444302673036e-11	0.871	0.323	5	All	0.75
HCST	1.50305134673796	9.90695676935358e-16	1.68220125943624e-11	1	0.679	5	All	0.75
GZMM	1.39783064036284	1.66721533068461e-15	2.83093163150247e-11	0.871	0.318	5	All	0.75
ITGB2	1.49103028010187	2.46971767901745e-15	4.19358061897163e-11	1	0.81	5	All	0.75
LITAF	1.3879950612392	9.66607640788297e-15	1.64129977405853e-10	0.903	0.53	5	All	0.75
FCER1G	1.45172241682425	1.30898365105472e-14	2.22265423949092e-10	0.935	0.337	5	All	0.75
RAP1B	1.33668847439707	1.46256347323347e-14	2.48343277755043e-10	1	0.677	5	All	0.75
CFL1	1.1204146573948	1.60528801217235e-14	2.72577904466865e-10	1	0.989	5	All	0.75
CALM1	1.17251887133692	5.90647118665061e-14	1.00291880749327e-09	1	0.941	5	All	0.75
CLIC1	1.35569655849609	6.50896790737986e-14	1.1052227506731e-09	1	0.695	5	All	0.75
ARPC5L	0.940938786807241	1.41541480852449e-13	2.40337434487459e-09	0.806	0.255	5	All	0.75
MYL12A	1.17412965928778	1.9815778844809e-13	3.36471924784858e-09	1	0.944	5	All	0.75
CYBA	1.25139372332114	2.23918767325503e-13	3.80214066918704e-09	1	0.92	5	All	0.75
CTSC	1.19390064465775	3.86894848488356e-13	6.56947452733228e-09	0.871	0.359	5	All	0.75
IFITM2	1.5110339752643	4.81806827371332e-13	8.18107992876521e-09	0.839	0.441	5	All	0.75
UBB	0.981770697288917	1.2339478603074e-12	2.09524346680197e-08	0.968	0.732	5	All	0.75
CD99	1.12705801260182	1.47698660948608e-12	2.50792326290736e-08	0.968	0.678	5	All	0.75
ABHD17A	1.53572392011375	1.88780535948843e-12	3.20549350041135e-08	0.871	0.471	5	All	0.75
MAPRE2	0.877858133824654	2.85107051340734e-12	4.84111773176567e-08	0.839	0.292	5	All	0.75
SLC9A3R1	1.29839824514549	5.43330999781576e-12	9.22576037629116e-08	0.839	0.455	5	All	0.75
ZAP70	1.12399499353283	5.59441753413212e-12	9.49932097295634e-08	0.903	0.405	5	All	0.75
MYL12B	0.887412440537903	7.1407371723919e-12	1.21249717187214e-07	1	0.821	5	All	0.75
ARL4C	1.30482476257905	8.12635571454173e-12	1.37985520032919e-07	0.903	0.505	5	All	0.75
PLAC8	1.03089295902389	8.18325524303964e-12	1.38951674026813e-07	0.839	0.354	5	All	0.75
MBP	0.968299904568019	1.01683457184825e-11	1.72658510299833e-07	0.935	0.425	5	All	0.75
CD81	1.09814419549434	1.06595109784896e-11	1.80998496414754e-07	0.935	0.488	5	All	0.75
IFITM3	1.0905753903943	1.88219933353071e-11	3.19597446833515e-07	0.871	0.386	5	All	0.75
CCND3	1.03979267283347	2.03467953243262e-11	3.45488584607059e-07	0.968	0.694	5	All	0.75
ID2	0.998396843410164	2.3360037872802e-11	3.96653443080177e-07	0.774	0.267	5	All	0.75
RAC2	1.08731060311168	5.74326122548976e-11	9.75205756088161e-07	0.968	0.86	5	All	0.75
PLAAT4	1.16131552188343	8.1638204080701e-11	1.3862167052903e-06	0.871	0.474	5	All	0.75
ARPC2	0.866660727539897	1.18570904167504e-10	2.01333395276422e-06	1	0.917	5	All	0.75
SKAP1	0.864006988633485	1.21664297740461e-10	2.06585977563303e-06	0.871	0.355	5	All	0.75
ANXA6	0.985648251848259	3.3202941175198e-10	5.63785941154861e-06	0.968	0.606	5	All	0.75
HLA-B	0.723047811109137	3.33132659129849e-10	5.65659255202483e-06	1	0.99	5	All	0.75
CDK2AP2	0.758803625470047	3.4569615969534e-10	5.86992079162687e-06	0.806	0.325	5	All	0.75
TYROBP	1.04896215708588	9.91138346245703e-10	1.6829529119252e-05	1	0.36	5	All	0.75
ADGRE5	0.926454323945574	9.98793083691448e-10	1.69595065610808e-05	0.903	0.471	5	All	0.75
TMSB4X	0.576209098200278	1.09283829314599e-09	1.85563942176189e-05	1	1	5	All	0.75
HLA-C	0.827067884931932	1.47241060644006e-09	2.50015320973523e-05	1	0.956	5	All	0.75
PSME1	0.849462375260305	1.69011374525727e-09	2.86981313944684e-05	0.968	0.852	5	All	0.75
ACTB	0.763635049590038	1.88731782095859e-09	3.20466565998768e-05	1	1	5	All	0.75
FAM49B	0.959100843187772	3.93934950957216e-09	6.68901546725353e-05	0.871	0.476	5	All	0.75
PPIB	1.08739858963594	1.09151291848307e-08	0.000185338893558426	0.903	0.754	5	All	0.75
CD53	0.791738372721034	1.09782933906952e-08	0.000186411421774004	0.968	0.631	5	All	0.75
PDIA3	1.07238926109702	1.13885434209558e-08	0.000193377467287829	0.839	0.581	5	All	0.75
JAK1	1.1092323170582	1.39238183765267e-08	0.000236426436033424	0.903	0.717	5	All	0.75
HLA-E	0.801756680656699	1.56215921089549e-08	0.000265254634010054	1	0.976	5	All	0.75
PPP1CA	0.857365368146914	1.80523927871226e-08	0.000306529629525342	0.903	0.664	5	All	0.75
DBI	0.905499117551949	2.107448512993e-08	0.000357844757506212	0.839	0.511	5	All	0.75
PSME2	0.828877835949036	2.23124867290199e-08	0.000378866024658757	0.903	0.558	5	All	0.75
BSG	0.6952392513667	3.3162289740362e-08	0.000563095679791346	0.839	0.42	5	All	0.75
FYN	0.867024969737313	4.64655054500888e-08	0.000788984282542508	0.871	0.513	5	All	0.75
DENND2D	1.0076034469251	4.77616819060262e-08	0.000810993358764325	0.806	0.395	5	All	0.75
PPP1R18	0.84574213483401	5.39315126078604e-08	0.000915757084081469	0.903	0.53	5	All	0.75
TBCB	0.659579246567205	7.1812363641858e-08	0.00121937393463875	0.839	0.399	5	All	0.75
ACTG1	0.736621244635288	9.31427723022674e-08	0.0015815642736925	1	0.992	5	All	0.75
LY6E	0.848217219530885	2.07011069161308e-07	0.00351504795435901	0.935	0.597	5	All	0.75
PRDX5	0.802650709960199	2.19563300947707e-07	0.00372818485009207	0.839	0.498	5	All	0.75
FGR	0.626325445185884	3.55950623883893e-07	0.00604404159354851	0.806	0.31	5	All	0.75
RNF213	0.891994853202201	3.81312488165174e-07	0.00647468604904465	0.839	0.57	5	All	0.75
SEPTIN7	0.787619466264939	4.92253912022023e-07	0.00835847142613395	0.871	0.637	5	All	0.75
EVL	0.804769983262171	1.00333814043821e-06	0.0170366816246408	0.935	0.701	5	All	0.75
SRSF9	0.609486299881831	1.02465047715966e-06	0.017398565102171	0.839	0.525	5	All	0.75
SYTL1	0.924761019712582	1.07406474055137e-06	0.0182376192945623	0.774	0.436	5	All	0.75
ARHGDIB	0.530502940701907	1.11086921853375e-06	0.0188625593307031	1	0.995	5	All	0.75
FLNA	0.801954260494157	1.15898955266381e-06	0.0196796426042314	0.903	0.591	5	All	0.75
ANXA1	0.792844389932835	1.59679436347879e-06	0.0271135682918699	0.903	0.58	5	All	0.75
RBBP4	0.691530270800506	1.89938559505663e-06	0.0322515674040616	0.774	0.386	5	All	0.75
CORO1A	0.629686908267961	2.34129092600095e-06	0.0397551199234961	1	0.982	5	All	0.75
SH3BGRL3	0.655849463649964	2.72954902037646e-06	0.0463477423659924	1	0.973	5	All	0.75
HSP90B1	0.685318089921173	2.81158236517172e-06	0.0477406685606158	0.903	0.654	5	All	0.75
