p_val	avg_log2FC	pct.1	pct.2	p_val_adj	cluster	gene
8.12479701874232e-74	0.916508905160442	1	1	1.37959053378245e-69	0	RPL30
1.54261075374736e-71	0.872106380074094	1	0.998	2.61935305986301e-67	0	RPS14
3.12110760111916e-70	0.919787852083529	1	0.998	5.29964070670034e-66	0	RPS15A
8.26611796979938e-70	0.897483269401748	1	1	1.40358683127194e-65	0	RPL32
1.35926612570412e-69	1.01449364815204	1	0.997	2.3080338814456e-65	0	RPS27
3.95309967442229e-69	0.915744210277118	1	0.998	6.71236324716905e-65	0	RPS3A
9.39445446762252e-69	1.29790808847987	0.929	0.274	1.5951783686023e-64	0	LEF1
2.64537156504439e-68	1.41638327606605	0.967	0.427	4.49184091744538e-64	0	TCF7
3.38257222845832e-66	0.779272397622583	1	1	5.74360764392222e-62	0	RPL35A
2.23654331596214e-65	0.787900807767228	1	1	3.79765055050371e-61	0	RPL11
4.69854182536976e-65	0.76974477978954	1	1	7.97812401947786e-61	0	RPL34
6.93431116973862e-63	0.76087868719379	1	0.998	1.17744603662162e-58	0	RPL37
3.40612366327961e-62	0.722706735534583	1	1	5.78359798024877e-58	0	RPS13
1.87199549915601e-61	1.11343990649039	0.996	0.752	3.1786483575669e-57	0	SARAF
3.39714911856737e-60	0.93253147826556	1	0.998	5.7683592033274e-56	0	RPS12
7.24870404583648e-60	0.9162139349689	1	1	1.23082994698303e-55	0	RPS25
7.39019973882438e-60	0.844925901489768	1	0.998	1.25485591565238e-55	0	RPS27A
4.70328557413832e-58	0.749720080929993	1	0.998	7.98617890488686e-54	0	RPL19
1.28579975728477e-57	0.659901472743307	1	1	2.18328798786953e-53	0	RPS28
5.7165635552705e-56	0.64836632222947	1	1	9.70672491684931e-52	0	RPL39
1.85111326241891e-55	0.771151514262614	1	0.998	3.14319031958731e-51	0	RPS23
3.68075649340642e-55	1.21768446625414	0.879	0.323	6.24992452580411e-51	0	CCR7
1.07126527806778e-54	0.744284330056074	1	0.998	1.81900844215909e-50	0	RPS8
8.24968916644111e-54	0.81329728097723	1	0.997	1.4007972204617e-49	0	RPL5
1.15500370971449e-53	0.849793142137504	1	0.998	1.9611962990952e-49	0	RPS3
1.60382238129281e-53	0.758499774354768	1	0.998	2.72329040343518e-49	0	RPS21
5.06089800387924e-53	0.771070087906606	1	0.998	8.59340481058695e-49	0	RPL13
1.78004376410024e-52	0.817219217945278	1	1	3.02251431144221e-48	0	RPL10
2.76306921517759e-52	1.0236708667424	0.778	0.24	4.69169152737154e-48	0	CAMK4
7.20705675431486e-52	0.918119691774617	1	0.964	1.22375823688266e-47	0	EEF1B2
4.10477646848116e-51	0.804109883105523	1	0.997	6.969910443481e-47	0	RPL14
8.8716259824775e-51	0.625849047227066	1	0.998	1.50640209182468e-46	0	EEF1A1
2.82606927226728e-50	0.902505587213088	1	0.979	4.79866562430984e-46	0	RPS5
1.72824247476112e-49	0.709175358578635	1	0.998	2.93455572214438e-45	0	RPL36
2.43154352755408e-48	0.781069667578237	1	0.998	4.12876090978683e-44	0	RPS6
3.19725647588045e-48	0.869908231934737	0.833	0.281	5.428941496045e-44	0	CD27
1.42724429878927e-47	0.659163816758148	1	0.998	2.42346081934418e-43	0	RPL18
1.45216588994074e-47	0.735201179357916	1	1	2.46577768111939e-43	0	TPT1
3.84013796584306e-47	0.699017372665445	1	0.998	6.52055426600152e-43	0	RPS16
4.00469599928889e-47	0.853627412370282	1	0.995	6.79997380679253e-43	0	RPL3
4.41412427691404e-47	0.657120074377542	1	0.998	7.49518302220005e-43	0	RPL29
1.52393065078511e-46	0.749755599105124	1	1	2.58763424503311e-42	0	RPS4X
1.58023328301584e-46	0.652864157558459	1	0.991	2.6832361145609e-42	0	RPL24
3.28054367608761e-46	1.05094546574733	0.987	0.467	5.57036316199676e-42	0	CD3E
1.00241438622064e-43	0.571011113526312	1	1	1.70209962780265e-39	0	RPS15
2.43136429594611e-43	0.767732530181917	1	0.995	4.1284565745165e-39	0	RPS29
3.07164066407484e-43	0.694139837086528	1	0.989	5.21564584759908e-39	0	RPL22
6.62462591097587e-43	0.575998040166886	1	1	1.1248614796837e-38	0	RPL41
3.49326872193485e-42	0.752084217188804	1	0.957	5.93157028984538e-38	0	TOMM7
3.67739875063153e-42	0.828964743574802	0.996	0.844	6.24422307857234e-38	0	NPM1
1.08066549089724e-41	0.609851183085537	1	0.998	1.83497000354352e-37	0	NACA
1.15885016246068e-41	0.717495906461263	1	0.992	1.96772757585823e-37	0	RPL10A
4.90519895380016e-41	0.891787573895736	0.954	0.528	8.32902782355267e-37	0	C12orf57
1.07879673009584e-40	0.667024602018649	1	0.998	1.83179684770274e-36	0	RPL18A
6.89664596438603e-40	0.7711619577749	1	0.998	1.17105048475275e-35	0	RPS18
7.0512620778123e-39	0.562225695274933	1	0.998	1.19730430081253e-34	0	RACK1
7.24886388991004e-39	0.789980173605612	0.992	0.797	1.23085708850672e-34	0	TLE5
8.99234281024972e-39	0.79063099798985	0.983	0.826	1.5268998091804e-34	0	SNHG29
2.19225839559095e-38	0.813031634521166	0.795	0.293	3.72245475571343e-34	0	LINC00861
1.79558824061128e-37	0.543390212846973	1	0.998	3.04890883255795e-33	0	RPL28
2.37386175996891e-37	0.652724726307192	1	0.995	4.0308172684272e-33	0	RPL4
6.40195278303346e-37	0.766829948607615	0.837	0.338	1.08705158255908e-32	0	CD3G
1.15792013277785e-36	0.534083370141653	1	0.998	1.9661483854568e-32	0	RPLP2
2.44762716126984e-36	0.53931280879107	1	1	4.15607091983619e-32	0	RPS7
3.70920273021253e-36	0.836479588910675	0.958	0.667	6.29822623590087e-32	0	SELL
6.96685788782554e-36	0.52603042157304	1	0.998	1.18297246935278e-31	0	RPL6
1.46345387134008e-35	0.796066053143132	0.904	0.39	2.48494467353545e-31	0	CD3D
1.70033677660395e-35	0.772216672777704	0.937	0.528	2.8871718466735e-31	0	NOSIP
1.09895308786402e-34	0.785876824527292	0.753	0.309	1.86602234319311e-30	0	PIK3IP1
6.00612204896126e-34	0.746538888466388	0.962	0.614	1.01983952391362e-29	0	EVL
1.81465444820774e-33	0.62353289541426	0.82	0.336	3.08128325305674e-29	0	CD247
7.44025169069496e-33	0.757605198305144	0.962	0.683	1.26335473708e-28	0	GIMAP7
3.45276174462071e-32	0.534432139505469	1	0.997	5.86278944236596e-28	0	PABPC1
1.06698693843751e-31	0.538101277217502	1	0.998	1.81174382146688e-27	0	RPL8
1.09271594501704e-31	0.618677247929795	0.992	0.932	1.85543167463894e-27	0	RPS4Y1
2.28487250566988e-31	0.687322797557185	0.87	0.399	3.87971351462746e-27	0	CD7
1.5856629832896e-30	0.721291011978928	0.987	0.573	2.69245574562574e-26	0	IFITM1
1.67807378404755e-30	0.829586106150419	0.9	0.527	2.84936928531274e-26	0	ETS1
3.8604596989309e-30	0.729075227089136	0.916	0.427	6.55506056878466e-26	0	IL7R
4.25196003021266e-30	0.575518158099432	0.996	0.981	7.2198281313011e-26	0	RPL38
1.20673826899211e-29	0.726133660212475	0.828	0.505	2.0490415807486e-25	0	NDFIP1
1.47220353368934e-28	0.549012959153048	1	0.995	2.4998016002045e-24	0	EEF2
3.44185306767361e-28	0.698648200398122	0.941	0.776	5.84426650890978e-24	0	NOP53
3.77993715615226e-28	0.635424168837007	0.791	0.361	6.41833329114654e-24	0	LBH
3.8516609847841e-28	0.679412181214345	0.841	0.405	6.5401203521634e-24	0	LCK
4.26290883856258e-27	0.576619382327825	1	0.998	7.23841920787926e-23	0	MALAT1
4.86998451863231e-27	0.623878348429375	0.987	0.929	8.26923371263767e-23	0	BTG1
1.06891834801758e-26	0.752760198000641	0.82	0.443	1.81502335493385e-22	0	PCED1B-AS1
1.41763671703552e-26	0.612348524631702	1	0.964	2.40714714552632e-22	0	RPSA
2.57904566216901e-26	0.681015986782233	0.828	0.461	4.37921953436298e-22	0	GYPC
1.22865008083989e-25	0.623821560692323	0.816	0.45	2.08624783726614e-21	0	LEPROTL1
1.97850576059304e-25	0.649235066665746	0.916	0.651	3.35950278148698e-21	0	GAS5
5.22675098193129e-25	0.515231601079297	0.996	0.965	8.87502316731934e-21	0	RPL31
1.22483039639246e-23	0.522357424669747	1	0.998	2.07976201307439e-19	0	RPS19
4.77481332215531e-22	0.517143817897389	0.837	0.445	8.10763302101971e-18	0	FCMR
1.59143726110284e-21	0.559378519666815	0.987	0.836	2.70226046935262e-17	0	HSPA8
1.78637976354085e-21	0.599894507259767	0.891	0.729	3.03327283849236e-17	0	EIF3E
2.48472916259572e-21	0.607200923370775	0.795	0.533	4.21907011808754e-17	0	ST13
2.44770660729124e-20	0.590890909408413	0.967	0.776	4.15620581918052e-16	0	FYB1
6.25348100169926e-20	0.509210904407757	0.854	0.577	1.06184107408853e-15	0	SNHG8
4.51244933863607e-18	0.509669695433088	0.874	0.659	7.66213897700404e-14	0	ANP32B
7.03479432580011e-18	0.577664810551732	0.766	0.5	1.19450807652086e-13	0	TMEM123
1.05512807329619e-17	0.512892193883121	0.874	0.715	1.79160746845693e-13	0	MZT2B
2.60323538742157e-128	4.46832991571918	0.995	0.166	4.42029368784182e-124	1	S100A8
3.94095750473292e-123	2.95073471380875	0.893	0.081	6.69174584303649e-119	1	S100A12
3.16091193845362e-120	3.72447212098775	1	0.17	5.36722847149424e-116	1	S100A9
1.15761469465191e-118	2.65519916801043	0.97	0.123	1.96562975151895e-114	1	VCAN
2.89407244714961e-103	2.50399621611312	0.975	0.148	4.91413501526004e-99	1	LYZ
1.92133365356453e-102	2.16669129172956	0.949	0.118	3.26242454375258e-98	1	FCN1
1.53239639663676e-96	2.14273662441881	0.863	0.114	2.60200908148922e-92	1	MNDA
1.71897322317805e-91	1.842912367863	0.995	0.16	2.91881653295633e-87	1	CST3
3.01555629502627e-91	1.74596298292018	0.812	0.102	5.12041458895461e-87	1	CSF3R
1.93563974197814e-83	1.8807583024078	0.914	0.198	3.28671628187888e-79	1	CEBPD
2.22117818195778e-83	2.65418664638169	0.985	0.496	3.77156055296432e-79	1	FOS
2.82953267970517e-83	1.97410747185494	0.98	0.209	4.80454649013937e-79	1	TYROBP
5.35203093368213e-82	1.51941600605855	0.766	0.102	9.08774852539226e-78	1	CD36
7.20338467976971e-82	1.59128707246652	0.766	0.095	1.2231347186249e-77	1	CD14
1.75455296780008e-80	2.34296735342204	1	0.513	2.97923093932454e-76	1	GPX1
6.40044842981645e-79	1.44612505034427	0.751	0.104	1.08679614338283e-74	1	CSTA
2.60020230049495e-78	1.5259889780979	0.772	0.133	4.41514350624042e-74	1	CTSD
1.6405010296139e-77	1.60729515556161	0.934	0.234	2.78557074828441e-73	1	TYMP
5.12702536738874e-77	2.00583458643267	1	0.994	8.70568907382608e-73	1	FTL
8.77500790122513e-76	2.27728443448997	0.995	0.893	1.48999634162803e-71	1	S100A6
7.7666455059154e-73	1.76327500903033	0.97	0.407	1.31877640690444e-68	1	CTSS
1.14669711496345e-72	1.97447550757153	1	1	1.94709170120794e-68	1	AL512646.1
1.66680341029424e-72	1.28773203956887	0.787	0.112	2.83023219067962e-68	1	SERPINA1
3.44205698742899e-72	1.54819348022213	0.792	0.175	5.84461276465443e-68	1	AC020916.1
6.56705733665897e-72	1.50683522135375	0.802	0.179	1.11508633576469e-67	1	STXBP2
1.75909782381079e-71	1.78213655185638	0.949	0.351	2.98694810483073e-67	1	AIF1
1.86723037396051e-71	1.51767478288036	0.853	0.167	3.17055717498494e-67	1	SPI1
2.28480219658675e-71	1.70763327266481	0.954	0.299	3.8795941298043e-67	1	LGALS1
8.80187106669416e-67	1.81401704528811	0.985	0.581	1.49455770712467e-62	1	NEAT1
3.93171676154664e-66	1.51704718329251	0.954	0.499	6.67605506110619e-62	1	LINC00844
7.65214310489583e-66	1.5686266577918	0.975	0.672	1.29933389921131e-61	1	TSPO
1.03949016407903e-65	1.50075381152787	0.914	0.45	1.76505429860619e-61	1	TALDO1
1.09885295584386e-64	1.40585417711351	0.995	0.617	1.86585231902288e-60	1	PSAP
1.68803407075687e-64	1.75821188306716	0.995	0.75	2.86628185214516e-60	1	S100A4
1.86761127018771e-63	1.70823762198355	0.98	0.595	3.17120393677873e-59	1	S100A11
2.28741025602279e-63	1.30597548242619	0.812	0.191	3.88402261472669e-59	1	LST1
4.42186365673559e-61	1.23013842951702	0.888	0.204	7.50832448913703e-57	1	FCER1G
6.6484667101377e-59	1.63345603182742	0.959	0.537	1.12890964738138e-54	1	DUSP1
1.05262845906545e-58	1.30738154426251	0.98	0.741	1.78736312349313e-54	1	BTBD9
3.54489114917938e-58	1.23996153069411	0.792	0.188	6.01922517130659e-54	1	CYBB
8.11239865830542e-58	1.31573711963367	0.782	0.223	1.37748529218026e-53	1	APLP2
6.35714774781167e-57	1.28174594809843	0.99	0.672	1.07944368757842e-52	1	COTL1
4.91051441032065e-56	1.35923543328753	0.959	0.513	8.33805346872446e-52	1	SAT1
1.84189487499885e-55	1.26033584935273	1	0.941	3.12753749774805e-51	1	OAZ1
3.72020422030692e-55	1.14888820738627	1	0.933	6.31690676608114e-51	1	GAPDH
1.83104632074359e-54	1.35633204538202	0.772	0.228	3.10911665262262e-50	1	GRN
2.70411065551511e-54	1.29329430066902	1	0.999	4.59157989306466e-50	1	FTH1
8.55929553241839e-53	1.35420042761268	0.939	0.525	1.45336838140464e-48	1	GSTP1
6.74710188113127e-52	1.08921086797925	0.782	0.195	1.14565789941609e-47	1	FGR
9.43008915404033e-52	1.17550784650702	0.904	0.494	1.60122913835605e-47	1	ZNF333
1.66350440452437e-51	1.28318898503151	0.878	0.417	2.82463047888238e-47	1	BRI3
2.64239378300802e-51	1.22483409426242	0.807	0.342	4.48678464354762e-47	1	TMBIM4
6.72784847606875e-51	1.22853486673607	0.985	0.808	1.14238867123647e-46	1	VIM
2.1493147324973e-50	1.13985493771621	0.995	0.967	3.64953641578042e-46	1	SH3BGRL3
7.95353429175017e-49	0.924563444594527	1	0.987	1.35051012273918e-44	1	MT-ND2
2.21486118880638e-48	0.843801979697171	1	0.996	3.76083429859323e-44	1	ATP5F1E
5.50851219531555e-47	1.11075591678048	0.97	0.812	9.3534537076458e-43	1	FGF23
9.98105797491617e-46	1.16368696743963	0.873	0.466	1.69478364414077e-41	1	KAT7
4.09355614535428e-44	1.11086719287375	0.827	0.392	6.95085833481157e-40	1	AL359976.1
6.65415380302728e-44	1.080904832303	0.985	0.945	1.12987531575403e-39	1	MYL6
1.74400614729189e-43	1.3458682095497	0.772	0.371	2.96132243810162e-39	1	FOSB
1.08103762718866e-42	1.19437301790215	0.883	0.575	1.83560189096634e-38	1	TKT
1.13202587583743e-42	1.20364613689724	0.98	0.796	1.92217993717196e-38	1	S100A10
1.64701549070531e-41	0.790441503666528	1	0.99	2.79663230321761e-37	1	SERF2
8.54312186401412e-39	1.04922850980797	0.919	0.544	1.4506220925096e-34	1	SRGN
5.74461753706954e-38	0.759071797062914	1	1	9.75436057794407e-34	1	MT-ND4
1.23803025110525e-37	0.992199137590842	0.792	0.411	2.10217536637671e-33	1	AP2S1
8.80300350038285e-37	0.951457360860816	0.97	0.848	1.49474999436501e-32	1	GABARAP
9.12183149795315e-37	0.934356397191617	0.944	0.805	1.54888698835244e-32	1	ELOB
2.85977969625048e-36	1.0000182929525	0.751	0.306	4.85590592423331e-32	1	ANXA2
1.70468542212161e-35	0.879365200627106	0.985	0.892	2.8945558467625e-31	1	H3-3A
1.77224646805723e-35	0.754313468106326	1	0.999	3.00927450276118e-31	1	MT-ND1
1.59765686336912e-34	1.04593168696865	0.924	0.62	2.71282135400076e-30	1	KLF6
1.24430348749223e-33	1.19023046768724	0.878	0.503	2.11282732176181e-29	1	TLN1
1.39640332307651e-33	0.865359441326828	0.954	0.799	2.37109284258392e-29	1	ATP5F1A
6.11659969621423e-33	0.979941632253067	0.944	0.515	1.03859862841718e-28	1	AHNAK
1.4472842786351e-32	0.945056413742591	0.868	0.57	2.4574887051224e-28	1	RAC1
4.78613039640628e-32	0.960538532645831	0.949	0.741	8.12684941309786e-28	1	PKM
6.6628318475176e-32	0.997722593926029	0.893	0.518	1.13134884770849e-27	1	FLNA
2.72590334828766e-30	0.859078580261997	0.873	0.639	4.62858388539245e-26	1	LAMTOR4
9.6930308414701e-30	0.736375165437533	0.99	0.904	1.64587663688162e-25	1	CYBA
1.3537333554655e-29	0.914827158119089	0.843	0.547	2.29863923758042e-25	1	MCL1
2.10193420117066e-28	0.773605710715328	0.97	0.772	3.56908427358779e-24	1	ITGB2
4.80843950024628e-28	0.791446021240009	0.777	0.38	8.16473027141818e-24	1	EFHD2
4.78117786731813e-27	0.704094030245142	0.975	0.898	8.11844001870618e-23	1	LSP1
6.58941661857312e-27	0.70361219440106	0.98	0.822	1.11888294183372e-22	1	GNAI2
1.15649865824065e-23	0.637036955422247	1	1	1.96373472169263e-19	1	ACTB
1.3144759873018e-23	0.711852953347175	0.863	0.601	2.23198022643845e-19	1	VSIR
6.63075371501111e-23	0.694763352037333	0.914	0.698	1.12590198080889e-18	1	LRRFIP1
3.25044113637496e-21	0.717051419239118	0.817	0.546	5.51924904956468e-17	1	ARPC1B
8.30198134418305e-21	0.50381943584416	1	1	1.40967643224228e-16	1	MT-RNR1
3.26203559881035e-19	0.732662788750351	0.929	0.783	5.53893644677998e-15	1	IER2
2.61087597568884e-18	0.684705439461258	0.761	0.494	4.43326740671965e-14	1	CAST
3.85279059260319e-16	0.60377393937842	0.797	0.632	6.54203842624021e-12	1	ATP5MPL
4.81681730985973e-16	0.555759618309659	0.797	0.611	8.17895579214182e-12	1	TPI1
5.88255580781586e-16	0.600541993486795	0.817	0.608	9.98857976167132e-12	1	COX8A
8.32318921104209e-16	0.574500733835777	0.904	0.725	1.41327752803495e-11	1	LCP1
4.31177806381286e-15	0.526123976903507	0.792	0.641	7.32139915235424e-11	1	GNB2
6.87449002859574e-15	0.510864879926937	0.914	0.645	1.16728840685556e-10	1	CLIC1
6.23394518671544e-14	0.530596814419775	0.807	0.528	1.05852389270428e-09	1	ANXA1
8.20251339542052e-14	0.55643519548936	0.817	0.664	1.3927867745424e-09	1	ALDOA
1.62809036474348e-13	0.506789713818835	0.893	0.768	2.76449743933442e-09	1	SERP1
3.09067930566301e-12	0.562715377289429	0.898	0.778	5.24797346101579e-08	1	ZFP36
2.92553855390382e-11	1.1125602860331	1	1	4.96756446452869e-07	1	AD000090.1
4.58930201346628e-11	0.582923977076885	0.797	0.598	7.79263481886575e-07	1	ZYX
1.5709904244034e-09	0.618319742169116	1	1	2.66754174063698e-05	1	AC010970.1
4.07524242133437e-31	1.33795744787521	0.775	0.265	6.91976163142576e-27	2	ITGB1
3.14236495798277e-30	0.973754030671787	0.775	0.236	5.33573569865474e-26	2	INPP4B
3.17254822357024e-25	1.26578429911413	0.989	0.605	5.38698688362227e-21	2	IL32
5.19564322254219e-22	1.31506455877119	0.944	0.518	8.82220219187664e-18	2	IL7R
1.29691193006076e-18	1.27695093957608	0.978	0.73	2.20215645724318e-14	2	LTB
8.17767348774642e-16	0.803892953178569	0.775	0.406	1.38856895821934e-11	2	ARHGAP15
1.3826457881708e-14	0.774231068401032	0.91	0.735	2.34773254831402e-10	2	GSTK1
1.71053777341757e-13	0.573760728838522	1	1	2.90449313926303e-09	2	B2M
2.63934019030483e-12	0.683619764202049	0.91	0.597	4.48159964313759e-08	2	ETS1
4.89894044024668e-12	0.562401697920374	0.775	0.383	8.31840086753887e-08	2	ZAP70
6.97518064340342e-11	0.532480750878013	0.831	0.434	1.1843856732499e-06	2	CD3G
2.96254032737729e-10	0.600942159772432	0.978	0.568	5.03039347588664e-06	2	CD3E
1.96974426853049e-09	0.604529183681901	0.966	0.654	3.34462576796476e-05	2	IFITM1
8.69077143249376e-09	0.527340558502054	1	0.864	0.000147569298923744	2	HSPA8
1.00607058166321e-08	0.513763659288807	0.843	0.495	0.000170830784766413	2	CD3D
3.27855211575068e-07	0.572130284491558	1	0.999	0.00556698149254465	2	MALAT1
3.4585238888561e-07	0.509439894691153	1	0.969	0.00587257356327766	2	FXYD5
2.48609569697489e-122	2.45852921836097	0.988	0.057	4.22139049346336e-118	3	CD8B
6.2596877770204e-92	1.79242485404997	0.94	0.08	1.06289498453806e-87	3	CD8A
1.13866226068466e-27	0.736571263374456	0.857	0.26	1.93344851864254e-23	3	CTSW
1.56912676837763e-25	1.09843898399534	0.976	0.398	2.66437725270522e-21	3	LEF1
1.07115993050082e-23	0.98413076848309	0.976	0.48	1.8188295619904e-19	3	CD7
2.98202123199296e-22	0.96245514699122	0.929	0.427	5.06347205192405e-18	3	CCR7
4.57524982218909e-22	0.684780272532464	1	0.999	7.76877419807707e-18	3	RPS3A
1.4878050229464e-21	0.767704089371181	0.762	0.269	2.52629292896299e-17	3	OXNAD1
3.99862620667859e-21	0.751646558368774	1	0.999	6.78966729894025e-17	3	RPS12
1.12325946746126e-20	0.832646233319131	0.881	0.384	1.90729457574921e-16	3	CD27
2.22410643790188e-20	0.747530475364323	0.821	0.332	3.77653273155739e-16	3	LDLRAP1
4.45257457044917e-20	0.657356678273646	1	1	7.56047162062268e-16	3	RPL32
4.75084835662886e-20	0.634925629654082	1	0.999	8.0669405095558e-16	3	RPS21
5.16459528861868e-20	0.543543083196501	1	1	8.76948280007452e-16	3	RPS28
8.75058809977275e-20	0.617099373274768	1	0.999	1.48584985934141e-15	3	RPS8
1.13055980285928e-19	0.761856902534586	1	0.984	1.91969054525506e-15	3	RPS5
8.37973165987926e-19	0.758733300555166	1	0.873	1.4228784358475e-14	3	NPM1
1.46110840610983e-18	0.883682518732151	1	0.568	2.48096207357449e-14	3	CD3E
2.23207708534737e-18	0.673149450809448	1	0.999	3.79006689091984e-14	3	RPS3
4.89941558472176e-18	0.67877372336526	1	0.965	8.31920766285754e-14	3	MT-ND4L
5.00890908970957e-18	0.511940992599405	1	0.999	8.50512763432685e-14	3	RPL28
1.52901373100138e-17	0.613589592912803	1	0.997	2.59626531524034e-13	3	RPL14
2.13576599125763e-17	0.632044520073299	1	0.999	3.62653065315545e-13	3	RPS6
2.40571182395228e-17	0.660553595977642	1	0.997	4.08489867707097e-13	3	RPL5
2.66574158873722e-17	0.58057354500636	1	0.999	4.5264292176758e-13	3	RPL19
3.14890083588981e-17	0.765177593111535	0.988	0.801	5.3468336193409e-13	3	SARAF
3.49275880291048e-17	0.559308706921601	1	0.999	5.93070444734199e-13	3	RPL12
4.18329725462159e-17	0.569146904726623	1	1	7.10323873834745e-13	3	RPS13
4.62762620053034e-17	0.633595500309434	1	1	7.85770928850052e-13	3	RPS4X
4.94780100693024e-17	0.75110852616214	0.976	0.483	8.40136610976755e-13	3	CD3D
6.70218622905557e-17	0.564962214228768	1	0.999	1.13803122169364e-12	3	RPS14
7.36431265415085e-17	0.696354601710642	1	0.971	1.25046028867481e-12	3	EEF1B2
2.07552484824328e-16	0.69714317513333	0.964	0.478	3.52424119231708e-12	3	LCK
3.15119305258539e-16	0.617982917111535	1	1	5.35072580328999e-12	3	RPL10
4.62048235281905e-16	0.535963397829144	1	0.999	7.84557903508675e-12	3	RPS19
4.67995368657867e-16	0.700844611297529	0.893	0.513	7.94656135981058e-12	3	LEPROTL1
6.95971747494463e-16	0.559533633552111	1	0.999	1.1817600272456e-11	3	RPL13
1.63075747016827e-15	0.586216205735609	1	0.999	2.76902618434572e-11	3	RPS27A
2.57233775924438e-15	0.553797643106726	1	0.999	4.36782951519696e-11	3	RPS23
4.11798769506031e-15	0.502014211569239	1	1	6.9923431062124e-11	3	RPL34
7.14225949526854e-15	0.731876546939287	0.905	0.56	1.2127556622966e-10	3	NDFIP1
9.65252252619386e-15	0.565537452949855	1	1	1.63899832494772e-10	3	RPL30
1.07430569763626e-14	0.580141352048853	1	0.999	1.82417107458637e-10	3	RPS15A
1.11576404055256e-14	0.779519536118754	0.917	0.507	1.89456734085824e-10	3	PCED1B-AS1
1.33186017968241e-14	0.59353988247586	1	0.994	2.26149858510073e-10	3	RPL10A
1.35403315934797e-14	0.604163163589328	1	1	2.29914830457285e-10	3	RPS25
1.80582714003711e-14	0.609223956699512	0.917	0.506	3.06629448378301e-10	3	PRMT2
2.44692327031072e-14	0.628462995347252	1	0.943	4.1548757129876e-10	3	RPS4Y1
3.6381967715005e-14	0.578384814207847	1	0.934	6.17765811800784e-10	3	RPS2P5
3.6848445476467e-14	0.638662907103772	1	0.971	6.25686604190409e-10	3	RPSA
4.53454639492261e-14	0.663879557945378	0.988	0.608	7.69965977857859e-10	3	C12orf57
5.04405455655671e-14	0.618744241167718	0.893	0.43	8.5648046370333e-10	3	CD3G
5.46674306310838e-14	0.754417469720049	0.976	0.532	9.28252972115804e-10	3	TCF7
1.02571401156364e-13	0.502587675032852	1	0.991	1.74166239163507e-09	3	RPL22
1.2303764394349e-13	0.664231460535334	0.786	0.393	2.08917919416045e-09	3	PIK3IP1
1.3433969577084e-13	0.504344288499804	1	1	2.28108803418887e-09	3	RPL11
1.66504164444422e-13	0.638488920726222	0.952	0.861	2.82724071226629e-09	3	SNHG29
2.17908661384087e-13	0.63712881389326	0.845	0.455	3.7000890703018e-09	3	STK17A
2.24028896749329e-13	0.622383095429673	1	0.996	3.8040106668036e-09	3	RPL3
1.51965966299867e-12	0.56995424447099	1	0.999	2.58038210777174e-08	3	RPS18
2.60489861276551e-12	0.502600129969232	1	0.975	4.42311784447583e-08	3	BTF3
2.72822623263307e-12	0.73150953841094	0.964	0.606	4.63252814301095e-08	3	NOSIP
2.89920355663786e-12	0.668540492386176	1	0.653	4.92284763917109e-08	3	IFITM1
3.42942617120387e-12	0.501622112142114	1	0.999	5.82316563870418e-08	3	RPS16
3.93063768724843e-12	0.714505631015345	0.893	0.627	6.67422279294783e-08	3	SNHG8
4.22763827805254e-12	0.543218869370683	0.869	0.545	7.17852979613321e-08	3	RGS10
8.81869310403181e-12	0.56511355640454	1	0.864	1.4974140890646e-07	3	HSPA8
2.57119290974059e-11	0.681366984674219	0.81	0.499	4.36588556073953e-07	3	ATM
4.13365382300429e-11	0.517577817255658	0.833	0.454	7.01894419146128e-07	3	MCUB
9.50776142788106e-11	0.513438130215675	1	0.996	1.6144178904542e-06	3	RPS29
1.41756571187065e-10	0.542670589521743	1	0.606	2.40702657875636e-06	3	IL32
2.6852779192547e-10	0.574002008325015	0.917	0.703	4.55960190689448e-06	3	GAS5
9.75768819868908e-10	0.534857067969936	0.964	0.682	1.65685545613741e-05	3	EVL
2.57816128794983e-09	0.503538517421707	0.845	0.531	4.37771786693882e-05	3	GYPC
3.13623815593237e-08	0.500347905833614	0.845	0.568	0.000532533238877317	3	SUN2
1.96303616001395e-79	1.44308213045879	0.877	0.086	3.33323539970369e-75	4	CPVL
1.57023279123781e-61	1.48858433168888	0.852	0.117	2.66625527952181e-57	4	LGALS2
5.81811861379438e-58	1.43118723927217	0.938	0.172	9.87916540622286e-54	4	FGL2
1.25322832848591e-54	1.89588810155105	0.963	0.222	2.12798170176908e-50	4	HLA-DRB1
3.73179910226365e-53	2.51647691107822	1	0.282	6.33659487564368e-49	4	CST3
5.04509059778702e-51	1.77468600502993	1	0.253	8.56656383504235e-47	4	SPI1
8.56949039108855e-50	1.77402255616856	0.926	0.197	1.45509946840684e-45	4	SERPINA1
1.17861635863125e-48	1.03811432413598	0.802	0.141	2.00129057695586e-44	4	LGALS9
1.23487278205549e-47	1.80082119358257	1	0.263	2.09681398393022e-43	4	LST1
5.22638689697485e-44	1.16220229291991	0.901	0.183	8.8744049510633e-40	4	NCF2
7.08483120856022e-44	1.76517991421262	1	0.33	1.20300433921353e-39	4	TYMP
7.5563615461286e-44	1.3875768817414	0.975	0.261	1.28307019053264e-39	4	FGR
1.81189643478178e-43	1.78134333127028	1	0.293	3.07660014625947e-39	4	FCER1G
6.57073311170492e-42	1.95494258563494	1	0.266	1.1157104823675e-37	4	LYZ
8.90546854862489e-42	1.39519268788197	0.889	0.188	1.51214855955651e-37	4	TNFAIP2
1.47249331172279e-41	1.34502546164132	0.864	0.188	2.5002936433053e-37	4	LILRB2
1.52289580988446e-41	1.82879264672244	1	0.319	2.58587708518381e-37	4	TYROBP
7.92945827426513e-41	1.36939941777482	0.84	0.186	1.34642201497022e-36	4	HCK
7.44544620529941e-40	1.79184254615908	0.926	0.242	1.26423676565984e-35	4	FCN1
1.89663356038393e-39	1.36445665246763	0.975	0.287	3.22048378553191e-35	4	GRN
2.73269377351313e-39	2.13319501104431	0.988	0.316	4.64011402742529e-35	4	HLA-DRA
4.54990449467677e-39	1.25772012852733	0.84	0.184	7.72573783196116e-35	4	MS4A6A
1.58608432685552e-38	1.23989963649672	0.864	0.212	2.69317118700068e-34	4	LGALS3
3.78106159867561e-38	1.90288592458575	1	0.672	6.42024259455119e-34	4	PSAP
5.83306990262852e-38	1.01926644162834	0.815	0.164	9.90455269466322e-34	4	FPR1
1.48720813584493e-37	1.66726611090425	1	0.39	2.52527941466469e-33	4	LGALS1
2.05512059863235e-37	1.99624228055977	0.951	0.318	3.48959477647773e-33	4	HLA-DPA1
3.16686928960238e-37	1.10230362432084	0.84	0.191	5.37734405374484e-33	4	MPEG1
1.29047206840017e-36	1.24301890431735	0.938	0.303	2.19122157214349e-32	4	ANXA5
2.28388874247766e-36	1.34808443538461	0.914	0.306	3.87804308472707e-32	4	CTSZ
5.26826053438496e-36	1.35789359217523	0.914	0.264	8.94550638738565e-32	4	CYBB
8.0853373629227e-36	1.75484399849331	1	0.433	1.37289028422427e-31	4	AIF1
3.81490763322306e-35	1.71924062768053	1	0.486	6.47771316121276e-31	4	CTSS
1.53764544796657e-34	1.01964017787877	0.852	0.23	2.61092197064724e-30	4	CTSH
2.75288133880703e-34	0.810875351533596	0.765	0.155	4.67439251329433e-30	4	PRAM1
2.79748351556395e-34	1.64003971698705	0.988	0.718	4.75012700942759e-30	4	COTL1
3.29497573444852e-34	1.23919215254429	0.914	0.218	5.59486879709358e-30	4	MNDA
3.65806343422721e-34	1.15653275192556	0.938	0.356	6.2113917113178e-30	4	NPC2
5.62147231161062e-34	1.19032200704546	0.815	0.208	9.54525998511483e-30	4	HLA-DMA
9.17650661262801e-34	1.19952525035732	0.901	0.309	1.55817082282424e-29	4	FCGRT
1.26388561558956e-33	1.32834635905835	0.778	0.188	2.14607777527107e-29	4	CFD
1.81973086396789e-33	1.74214622905828	0.877	0.23	3.08990300701747e-29	4	HLA-DRB5
3.08346549442639e-33	1.08453466865347	0.753	0.169	5.23572440953601e-29	4	LRP1
4.02088209735101e-33	0.898899156736699	0.765	0.173	6.82745780130202e-29	4	CCDC88A
5.45056978221772e-33	1.47429287179419	1	0.58	9.25506749020568e-29	4	GSTP1
1.25963800904524e-32	1.01611412536823	0.877	0.235	2.13886533935882e-28	4	ZEB2
1.41969356876551e-32	0.889196403662694	0.84	0.189	2.41063967976384e-28	4	CSTA
3.12073334923211e-32	1.14219991841469	0.938	0.337	5.29900522699612e-28	4	CTSB
4.38687940255452e-31	1.04407080565038	0.827	0.222	7.44892122553758e-27	4	LYN
8.12243725305059e-31	1.42481317041944	1	0.999	1.37918984556799e-26	4	FTH1
1.75909720766675e-30	1.38305486418784	1	0.862	2.98694705861814e-26	4	CD74
3.49471151900547e-30	1.2469609222289	0.975	0.475	5.93402015927128e-26	4	BRI3
6.75029781138699e-30	1.72596310010873	0.852	0.282	1.14620056837351e-25	4	HLA-DPB1
3.74152867740895e-29	1.01449956969511	0.802	0.196	6.3531156942404e-25	4	CD36
4.2136652460008e-29	1.03428566588416	0.852	0.275	7.15480358770935e-25	4	RNF130
5.59517480041199e-29	1.21150410519371	0.852	0.308	9.50060681109956e-25	4	TNFRSF1B
6.2619555762583e-29	1.09433566459356	0.988	0.842	1.06328005684866e-24	4	CALM2
2.93527777308307e-28	0.899783970369092	0.802	0.256	4.98410165869506e-24	4	NAGK
3.14894302079368e-28	1.03476991097716	0.975	0.418	5.34690524930767e-24	4	EFHD2
5.67514491245083e-28	1.10676427735961	1	0.862	9.63639606134152e-24	4	GABARAP
6.1585505785763e-28	1.00705142062313	0.926	0.314	1.04572188824226e-23	4	MYO1F
8.93057467178243e-28	1.14045080780027	0.864	0.328	1.51641157926866e-23	4	JAML
2.04359242475648e-27	1.19170856700987	0.914	0.355	3.4700199372365e-23	4	ANXA2
2.21957290095045e-27	0.921743194992259	0.815	0.206	3.76883478581387e-23	4	CSF3R
3.3886071937214e-27	1.58606230271563	1	0.995	5.75385501493893e-23	4	FTL
3.52261247083614e-27	1.22287186537426	0.938	0.301	5.98139597547976e-23	4	CEBPD
4.24078071569406e-27	1.22834609858203	1	0.649	7.20084565524852e-23	4	S100A11
5.0237324545861e-27	0.93504455815923	0.765	0.208	8.53029770788721e-23	4	BLVRB
6.21254342276438e-27	1.17195085238427	0.988	0.586	1.05488987318539e-22	4	GPX1
6.85331227925258e-27	0.935869662580284	1	0.843	1.16369242501709e-22	4	GNAI2
3.22192517128008e-26	0.9461547556055	0.864	0.317	5.47082894083358e-22	4	AP1S2
6.31303589111206e-26	1.00517280956073	0.975	0.602	1.07195349431083e-21	4	RAC1
1.08270756157218e-25	1.29950718401231	1	0.785	1.83843743954957e-21	4	S100A4
1.90751285914977e-25	1.08496786067134	0.852	0.381	3.23895683483631e-21	4	PYCARD
5.05695422364812e-25	1.00103716398492	0.79	0.263	8.58670827175451e-21	4	PTPRE
5.36654191666186e-25	1.02523994816357	0.951	0.297	9.11238817449183e-21	4	S100A9
8.11210771891911e-25	1.43339238321753	0.951	0.58	1.37743589067247e-20	4	SAT1
1.39808385666798e-24	0.914546557291476	0.79	0.277	2.37394638862223e-20	4	CASP1
1.87593927286822e-24	0.831400396024255	0.753	0.241	3.18534488533024e-20	4	SH3BP2
1.95074586999531e-24	0.913581021338353	1	0.915	3.31236648725204e-20	4	CYBA
2.29519570646758e-24	0.874736704866901	1	0.971	3.89724230958194e-20	4	SH3BGRL3
1.42108743556663e-23	1.17657917627596	0.852	0.259	2.41300646559214e-19	4	VCAN
7.01724315671443e-23	0.857790376769511	0.889	0.394	1.19152788801011e-18	4	CARD16
1.33089513098736e-22	1.15365094632653	1	0.908	2.25985993241653e-18	4	S100A6
2.26460723723715e-22	0.88067310727296	0.963	0.639	3.84530308882868e-18	4	VAMP8
2.3048501073147e-22	1.42249055296612	0.951	0.644	3.91363548222036e-18	4	NEAT1
8.76729683152957e-22	1.01525577874528	1	1	1.48868700199372e-17	4	AL512646.1
1.08931827465e-21	0.885302049102313	0.889	0.424	1.8496624303557e-17	4	MACROH2A1
3.0837213011536e-21	1.1953561497509	0.951	0.6	5.23615876935881e-17	4	DUSP1
3.56426118551194e-21	0.873825201350714	0.926	0.505	6.05211549299927e-17	4	CSTB
5.88027955359765e-21	0.996278834560931	0.827	0.37	9.98471468200882e-17	4	CEBPB
8.30898865087147e-21	0.703289053288204	1	0.949	1.41086627291797e-16	4	OAZ1
1.85010921472568e-20	1.22210939899875	0.951	0.571	3.1414854466042e-16	4	FOS
2.19356694340646e-20	0.874469117916141	0.765	0.287	3.72467666990417e-16	4	LYST
3.83065631836409e-20	0.747724940237708	0.926	0.453	6.50445442858223e-16	4	AP2S1
4.80230121828226e-20	0.787006276665802	0.778	0.271	8.15430746864328e-16	4	CAPG
6.31762567411054e-20	0.824645656850679	0.753	0.283	1.07273283946397e-15	4	ADA2
7.69369674450894e-20	1.031877015802	0.84	0.466	1.30638970721762e-15	4	C1orf162
8.07902820509231e-20	0.921612668355442	0.765	0.274	1.37181898922468e-15	4	STXBP2
9.80864493778732e-20	0.818670235285438	0.901	0.446	1.66550791043629e-15	4	ATP6V0B
1.63409910607069e-19	1.01865270690189	0.988	0.822	2.77470028210802e-15	4	S100A10
1.89824953816493e-19	0.801060545725949	0.963	0.612	3.22322771580406e-15	4	TKT
3.85032045775976e-19	0.847939635161326	0.778	0.33	6.53784413727607e-15	4	ASAH1
5.65151818039401e-19	0.792836504567534	1	0.907	9.59627787030903e-15	4	LSP1
1.32672320379893e-18	0.780492969707127	0.864	0.381	2.25277600005059e-14	4	TCIRG1
1.62510453061035e-18	0.763837767677153	1	0.774	2.75942749297637e-14	4	BTBD9
1.87926142294036e-18	0.797896682448931	1	0.943	3.19098589615273e-14	4	GAPDH
3.11112193941271e-18	0.680931559251878	0.802	0.332	5.28268505312279e-14	4	ATP6V0D1
3.40871187474802e-18	0.799891993061309	1	0.741	5.78799276332214e-14	4	LCP1
6.41011985486316e-18	0.991889914505714	0.988	0.833	1.08843835135577e-13	4	VIM
6.91673904718914e-18	0.887700276285275	0.827	0.37	1.17446229021272e-13	4	POU2F2
9.39216690187285e-18	0.852960442233504	0.988	0.715	1.59478993993801e-13	4	TSPO
1.05937193561351e-17	0.836572510157613	0.778	0.306	1.79881354667173e-13	4	APLP2
1.27163979026593e-17	0.790095560589042	0.815	0.35	2.15924436387155e-13	4	PPT1
1.38790912231115e-17	1.07470182224693	0.938	0.578	2.35666968968433e-13	4	AHNAK
1.40773529903045e-17	0.825745827894663	0.852	0.449	2.39033453775371e-13	4	PRELID1
4.02013165574852e-17	0.692265786695392	0.753	0.284	6.82618355146099e-13	4	EHBP1L1
4.72768991737982e-17	0.766725692488396	0.84	0.427	8.02761747971093e-13	4	CNPY3
5.670872151323e-17	0.793665812389142	0.988	0.799	9.62914091294645e-13	4	ITGB2
5.87756819807995e-17	0.826555751557682	0.951	0.63	9.98011080033975e-13	4	VSIR
7.00133584486854e-17	0.811794130101959	0.778	0.346	1.18882682645868e-12	4	PLEKHO1
1.31352371557982e-16	0.708119570697656	1	0.676	2.23036326905453e-12	4	CLIC1
1.61188215809996e-16	0.95458118177875	0.926	0.659	2.73697590445373e-12	4	SAMHD1
1.72444318805182e-16	0.664280246260102	1	0.832	2.92810453331199e-12	4	FGF23
3.3415380740708e-16	0.539619796089883	1	0.991	5.67393164977221e-12	4	SERF2
5.26637634292747e-16	0.741218563122717	0.963	0.61	8.94230703029084e-12	4	ZYX
5.30448579655623e-16	0.708798602131226	0.901	0.577	9.00701688255247e-12	4	ARPC1B
7.68485848997178e-16	0.713873354790173	0.963	0.566	1.30488897159721e-11	4	FLNA
9.4070412550893e-16	0.672411495533019	0.827	0.431	1.59731560511416e-11	4	VASP
1.96544404880862e-15	0.584858743301507	0.877	0.403	3.33732399487704e-11	4	TMBIM4
2.24934880804521e-15	0.699027111506263	0.901	0.481	3.81939427606076e-11	4	IQGAP1
3.79472048692161e-15	0.547026803128016	1	0.949	6.4434353867929e-11	4	MYL6
7.04482672581048e-15	0.634870588667018	0.753	0.35	1.19621157804262e-10	4	PARVG
1.07802626371041e-14	0.629799479490914	0.79	0.366	1.83048859578028e-10	4	GLIPR1
1.61300894550785e-14	0.725605732001658	0.852	0.496	2.73888918947233e-10	4	RHOG
2.19328580777014e-14	0.72960396562088	0.852	0.465	3.7241993015937e-10	4	LTA4H
2.54963024998221e-14	0.591757419425058	0.926	0.552	4.32927216446979e-10	4	ZNF333
2.77457377585802e-14	0.659487754716375	0.926	0.568	4.71122627140693e-10	4	LINC00844
4.32613792701496e-14	0.576138384469783	0.753	0.337	7.34578220007141e-10	4	GRINA
8.19273633108276e-14	0.697357575880559	0.877	0.582	1.39112662901785e-09	4	FKBP1A
8.99257442839373e-14	0.587929126880657	0.975	0.822	1.52693913794126e-09	4	ELOB
1.51282647501369e-13	0.528099182728073	1	1	2.56877935457324e-09	4	ACTB
1.89313080752843e-13	0.623886453128604	0.753	0.395	3.21453611118327e-09	4	CLTA
2.29294138439195e-13	0.606952776156412	0.864	0.496	3.89341447069752e-09	4	CAPNS1
2.3115572641907e-13	0.566275563691927	1	1	3.92502423459581e-09	4	MT-ND4
2.74654100908075e-13	0.60289033640791	0.914	0.552	4.66362663341912e-09	4	MTDH
3.51684808880809e-13	0.594703434531176	0.827	0.423	5.97160805479614e-09	4	LAMTOR1
4.08720748095526e-13	0.636782071558247	0.852	0.528	6.94007830266203e-09	4	GRB2
5.71328777383781e-13	0.663124189093848	0.877	0.521	9.7011626399766e-09	4	TALDO1
5.73711120859976e-13	0.638010365218128	0.778	0.366	9.74161483220238e-09	4	TIMP1
6.10779907668248e-13	0.590112254538285	1	0.904	1.03710428322069e-08	4	H3-3A
8.00033402719347e-13	0.585076038857858	0.951	0.596	1.35845671781745e-08	4	SRGN
1.56807893923609e-12	0.706807167982398	0.889	0.679	2.66259803882288e-08	4	ALDOA
5.22779497822459e-12	0.630370560383134	0.901	0.628	8.87679587302535e-08	4	TPI1
7.48373438466933e-12	0.584464997094884	0.901	0.74	1.27073809851685e-07	4	COX5B
9.31857544555351e-12	0.624713093402829	0.975	0.914	1.58229411065499e-07	4	ARPC2
1.48244674972983e-11	0.666069968659193	0.827	0.534	2.51719458104125e-07	4	ARRB2
1.58117892301471e-11	0.597267380155754	0.975	0.88	2.68484181127897e-07	4	ARPC3
1.71494944173912e-11	0.555947624472028	0.79	0.429	2.91198415207302e-07	4	DYNLL1
1.71793438916309e-11	0.509031359633996	0.938	0.773	2.91705259279893e-07	4	PKM
2.2370413479773e-11	0.638850595314919	0.852	0.583	3.79849620886545e-07	4	GNG5
2.40877041899207e-11	0.527698804035853	0.938	0.667	4.09009217144853e-07	4	LAMTOR4
3.54359243539272e-11	0.549569456497488	0.975	0.875	6.01701995529684e-07	4	TPM3
4.51961906158917e-11	0.548625973025396	0.914	0.629	7.6743131665784e-07	4	COX8A
5.0952392569578e-11	0.525886067536419	0.889	0.643	8.65171625831435e-07	4	ATP5MF
6.79345322120972e-11	0.569894589779047	0.938	0.648	1.15352835696141e-06	4	GNB2
7.85257274329616e-11	0.51202972334885	0.815	0.457	1.33336685181169e-06	4	AL359976.1
9.38434874111514e-11	0.550538670117631	0.79	0.424	1.59346241624135e-06	4	IL17RA
1.10021841878725e-10	0.661223443857269	0.938	0.663	1.86817087510076e-06	4	KLF6
1.54243074559453e-10	0.586508172327798	0.815	0.528	2.61904740601952e-06	4	CAST
2.11733389136103e-10	0.530916264701805	0.864	0.591	3.59523294753103e-06	4	ACTR2
3.95032084963508e-10	0.560000180016222	0.827	0.496	6.70764480268036e-06	4	COX5A
3.98717430053056e-10	0.5849899161352	0.889	0.646	6.7702219623009e-06	4	PTPN6
4.74542059520464e-10	0.517828999455014	0.765	0.422	8.05772417065748e-06	4	RBX1
5.36920137052225e-10	0.592943377089416	0.951	0.726	9.11690392714678e-06	4	LRRFIP1
6.66569101156089e-10	0.595543339312456	0.914	0.794	1.13183433376304e-05	4	ZFP36
2.33938620336621e-09	0.523015070725607	0.815	0.532	3.97227777331582e-05	4	KAT7
3.48984924779889e-09	0.528213477426746	0.988	0.961	5.92576402276252e-05	4	YBX1
5.61397741357649e-09	0.544887450485343	0.827	0.545	9.53253364825287e-05	4	NAP1L1
9.04847741178157e-09	0.562055560729594	0.975	0.879	0.000153643146452051	4	EMP3
1.14193603105808e-08	0.540890663289853	0.79	0.545	0.000193900738073662	4	ARF5
9.07938022098765e-08	0.516917113298057	0.753	0.432	0.0015416787615237	4	FOSB
6.12839292537435e-07	0.653190502782325	1	1	0.0104060111872856	4	AD000090.1
3.28498746188079e-178	3.08321336824898	0.938	0	5.57790871027359e-174	5	IGHM
5.63333744399387e-174	3.35737296069459	0.938	0.003	9.56540697990158e-170	5	MS4A1
5.1264092265154e-157	2.43055525703875	0.875	0.005	8.70464286662314e-153	5	LINC00926
7.37116587006465e-152	2.39808504291979	0.887	0.01	1.25162396473698e-147	5	BANK1
1.51061132628227e-146	2.11840837972097	0.825	0.005	2.56501803202729e-142	5	FCER2
3.80972598387533e-146	3.40890121107487	0.963	0.028	6.46891472062031e-142	5	CD79A
6.95742636984915e-143	2.0451415203176	0.887	0.016	1.18137099760039e-138	5	NIBAN3
2.54903034900292e-116	1.69257760036812	0.838	0.028	4.32825353260695e-112	5	HLA-DQA2
2.04656661891735e-109	1.72255764617871	0.875	0.045	3.47507011892166e-105	5	RALGPS2
2.9380485720534e-99	2.18069292551509	0.925	0.077	4.98880647534667e-95	5	CD79B
3.32504493127944e-96	2.09318950103608	0.975	0.093	5.64592629331248e-92	5	HLA-DQB1
1.23418730906031e-95	1.35441527686475	0.762	0.034	2.0956500507844e-91	5	HLA-DQA1
5.88341259651595e-81	1.51938146548785	0.812	0.072	9.99003458888408e-77	5	AFF3
2.78908412207692e-69	1.89522780186927	0.9	0.142	4.73586483928662e-65	5	HVCN1
3.74829670191116e-68	2.40720498344776	1	0.218	6.36460779984514e-64	5	HLA-DRB5
1.87147529344635e-60	1.57702836881979	0.975	0.193	3.1777650482719e-56	5	HLA-DMA
1.26895993723877e-59	2.92467061628829	1	0.315	2.15469397343144e-55	5	HLA-DRA
2.75969386500097e-59	1.41069422437616	0.787	0.101	4.68596018277165e-55	5	IRF8
1.2007452988778e-56	1.6855271524161	0.938	0.19	2.0388655174945e-52	5	MEF2C
1.70770095193419e-55	1.69651179399385	1	0.267	2.89967621638426e-51	5	HLA-DPB1
2.17392120451636e-55	2.14941637786158	1	0.314	3.69131820526878e-51	5	HLA-DPA1
1.49722576712337e-49	1.28891796253091	0.775	0.13	2.54228935257548e-45	5	BCL11A
6.89567919403403e-48	3.69671421433794	1	0.863	1.17088632714698e-43	5	CD74
1.12792923399621e-41	2.04107125170686	1	0.932	1.91522383932556e-37	5	CD37
1.89018813940801e-39	1.27467581226919	0.9	0.279	3.20953946071481e-35	5	SNX2
4.09724368374369e-37	1.16020711188349	0.9	0.23	6.95711977499678e-33	5	HLA-DRB1
7.00660618529784e-35	1.04371204777965	0.825	0.19	1.18972173026357e-30	5	NAPSB
1.11276742681159e-22	0.915841477509315	0.875	0.411	1.88947909072608e-18	5	PRKCB
3.62529207550651e-22	1.31707695094364	0.912	0.516	6.15574594421005e-18	5	FCMR
1.99322142845536e-18	0.807202998118939	0.988	0.952	3.38448998551721e-14	5	CD52
3.85912851557027e-17	0.918248226128601	0.825	0.419	6.55280021943831e-13	5	EZR
7.17833326586465e-17	0.906947449465234	0.975	0.733	1.21888098854382e-12	5	LTB
1.09885742716967e-16	0.74526455007451	0.988	0.957	1.8658599113341e-12	5	LAPTM5
1.72278183771303e-15	0.88048256678319	0.838	0.531	2.92528356043673e-11	5	SNX3
1.55195565504135e-13	0.754239682197088	0.775	0.417	2.63522070226022e-09	5	POLD4
3.0639522747133e-13	0.638809307642127	1	0.965	5.20259096246318e-09	5	MT-ND4L
3.18564058234086e-13	0.735167310746661	0.825	0.492	5.40921770881477e-09	5	SP100
4.63051355812692e-13	0.529252407296819	1	0.999	7.86261202169951e-09	5	RPL18A
1.58123357291522e-12	0.672897368258768	0.863	0.523	2.68493460681005e-08	5	SEC62
3.46499686739986e-12	0.550408867027647	0.787	0.375	5.88356468084496e-08	5	POU2F2
1.48611220372716e-11	0.747731046897273	0.95	0.726	2.52341852192872e-07	5	SELL
1.67200509946168e-11	0.687957687020429	0.95	0.945	2.83906465888593e-07	5	BTG1
5.38076474849481e-11	0.667779363878769	0.775	0.477	9.13653854294419e-07	5	CD81
5.79337009533131e-11	0.773930536876291	0.787	0.532	9.83714242187256e-07	5	FOXP1
7.64545231194385e-11	0.710834660626852	0.9	0.773	1.29819780256807e-06	5	ZFP36L1
3.94536812564705e-10	0.54871989487973	0.938	0.782	6.69923507734869e-06	5	TAGLN2
6.71032146395889e-10	0.560331827969669	0.975	0.936	1.13941258458022e-05	5	LIMD2
1.25253408223322e-09	0.733996585040915	0.9	0.646	2.126802871632e-05	5	PTPN6
1.86466572993716e-09	0.61690292472186	0.775	0.485	3.16620240943329e-05	5	RCSD1
5.9092339614282e-09	0.614390274938824	0.85	0.622	0.000100338792665051	5	CD53
6.05754169387964e-09	0.542000799714367	0.925	0.707	0.000102857057962076	5	SMAP2
3.29309411420699e-08	0.544404334074973	0.863	0.586	0.000559167380592347	5	GDI2
4.89770836419595e-08	0.616274233054924	0.863	0.681	0.000831630880240472	5	UCP2
7.89905647899731e-59	3.371243974462	1	0.1	1.34125979013374e-54	6	CCL5
1.01982792143964e-32	1.9630418012536	0.806	0.105	1.73166781060451e-28	6	NKG7
2.38570540118587e-32	1.67221509276063	0.861	0.133	4.0509277712136e-28	6	CD8A
6.36471013092132e-31	1.55426570349824	0.833	0.117	1.08072778023044e-26	6	CD8B
7.67083258787902e-22	1.46829248038839	0.972	0.289	1.30250737342186e-17	6	CTSW
4.342634662247e-14	1.30971526170934	1	0.628	7.37379365649541e-10	6	IL32
2.91822740495875e-13	0.852604544351009	1	1	4.95515013361995e-09	6	B2M
1.2706596719397e-12	0.991463568103564	0.972	0.511	2.15758012295362e-08	6	CD3D
2.43573336301339e-10	1.01062718068835	0.833	0.38	4.13587525039673e-06	6	CD2
1.8437553563555e-09	0.771656902048331	0.778	0.35	3.13069659509165e-05	6	PRKCH
1.90052549411111e-09	0.901129889013971	0.889	0.471	3.22709228900066e-05	6	PLAAT4
3.37243276325611e-09	0.683193944825806	1	0.971	5.72639083200888e-05	6	HLA-A
9.46540077105464e-09	0.552347835635507	1	0.976	0.000160722505092508	6	HLA-E
2.00710928144546e-08	0.773624064745055	0.861	0.489	0.000340807155989439	6	CD81
2.2657618612566e-08	0.818756433163728	1	0.593	0.000384726364041371	6	CD3E
3.43664409431798e-08	0.665786716315914	1	0.956	0.000583542167215193	6	HLA-C
6.22748280198925e-08	0.804970301612399	0.861	0.452	0.00105742657977777	6	SLC9A3R1
2.20032770325398e-07	0.645775721827804	0.806	0.41	0.00373615644012526	6	PTPRCAP
2.3704068582266e-07	0.690776620790373	0.806	0.406	0.00402495084526877	6	ZAP70
3.4496532223093e-07	0.846791748151489	0.889	0.682	0.00585751117148119	6	HCST
6.56333113910686e-07	0.795326497453559	0.806	0.46	0.0111445362742035	6	CD3G
2.28971561423819e-06	0.602289058006643	0.889	0.509	0.0388793711297645	6	LCK
2.67989605982807e-06	0.786563120452552	0.833	0.505	0.0455046350958806	6	ARL4C
5.40431446670259e-77	2.09811293518265	0.829	0.033	9.176525964461e-73	7	GZMK
3.17496711329067e-59	1.70705429883824	0.943	0.067	5.39109415836755e-55	7	GZMA
2.50289956211345e-57	2.98277909568264	0.943	0.091	4.24992345646863e-53	7	KLRB1
6.71753460660832e-48	1.60812407890504	0.914	0.098	1.14063737620209e-43	7	KLRG1
1.4768235473564e-47	1.42771808067535	0.914	0.085	2.50764638341117e-43	7	CST7
7.9970008055263e-45	1.5689433565052	0.943	0.1	1.35789073677837e-40	7	NKG7
3.18397651978366e-39	1.35513460770764	0.771	0.082	5.40639213059266e-35	7	NCR3
2.05091063008815e-36	1.02693456507675	0.857	0.106	3.48244624988967e-32	7	MATK
1.03458191077424e-32	1.59338723854523	0.857	0.107	1.75672008449465e-28	7	CCL5
4.06546193295258e-31	1.25125602095429	0.857	0.132	6.90315436215347e-27	7	PRF1
4.51124483571426e-22	1.46525372744367	0.971	0.29	7.66009373104282e-18	7	CTSW
2.38787672137153e-18	1.60452623603654	1	0.629	4.05461467288886e-14	7	IL32
4.74860962025939e-15	1.18686585552111	0.971	0.5	8.06313913520044e-11	7	ARL4C
1.90811661906764e-14	1.46740927828058	1	0.543	3.23998201917685e-10	7	IL7R
5.02709988879224e-14	1.11884370284439	0.857	0.286	8.53601561116923e-10	7	AQP3
3.69589536651561e-12	0.688001727759631	1	1	6.27563033234351e-08	7	B2M
4.93500194812183e-12	0.973086674736983	0.914	0.494	8.37963330791086e-08	7	PAXX
5.53432630838302e-12	0.841759189235506	1	0.94	9.39728607163437e-08	7	CALM1
4.28763761379812e-10	0.684616909718489	0.8	0.3	7.28040866822921e-06	7	ALOX5AP
8.76138121805944e-10	0.828845587317095	0.914	0.487	1.48768253082649e-05	7	CD81
1.21231867999016e-09	0.707388914412257	0.829	0.357	2.05851711862329e-05	7	TC2N
1.32230403278166e-08	0.615911404471856	1	1	0.000224527224766326	7	MT-CYB
4.2492891912377e-08	0.511604711943621	0.771	0.3	0.000721529304672162	7	TTC39C
6.96739756473654e-08	0.598073301392396	1	0.967	0.00118306410649226	7	MT-ND4L
1.23548511285275e-07	0.573664080175185	1	0.998	0.00209785372162398	7	RPLP0
3.02589888730765e-07	0.710871964577194	0.943	0.68	0.00513797631064839	7	HCST
4.96844971731821e-07	0.626857096576453	0.8	0.401	0.00843642762000632	7	SPOCK2
8.17024549757802e-07	0.614215579821834	0.886	0.511	0.0138730768548875	7	FYN
1.59424284062188e-06	0.526583569225096	0.829	0.453	0.0270702434337596	7	SLC9A3R1
1.80997514268848e-06	0.54291496271872	0.943	0.6	0.0307333779228504	7	GUK1
1.87181988603261e-06	0.550045185281217	0.771	0.412	0.0317835016648337	7	PTPRCAP
2.65881644803282e-06	0.7191162189499	0.771	0.436	0.0451467032875973	7	HSPA5
2.89711749842583e-06	0.553344220298302	1	0.999	0.0491930551232707	7	MT-ND5
6.7410065724705e-149	1.53915881110803	0.781	0	1.14462291600549e-144	8	SH2D1B
4.59667960966837e-145	3.27815318331764	0.938	0.008	7.80516197721689e-141	8	GZMB
6.02197291780098e-134	1.80482192164527	0.812	0.005	1.02253100144261e-129	8	KLRF1
1.87234164515214e-121	2.89515526872893	0.844	0.011	3.17923611346834e-117	8	FGFBP2
3.03563979157261e-120	5.89459158574555	0.969	0.021	5.15451636609029e-116	8	GNLY
9.10873381768393e-105	2.2308437279542	0.844	0.017	1.54666300224273e-100	8	FCGR3A
1.45632348277939e-101	2.10434385753294	0.906	0.025	2.47283727375941e-97	8	TBX21
1.88963868787132e-84	3.19199011942314	0.906	0.039	3.2086064920055e-80	8	SPON2
1.95876971473822e-75	2.362149834348	0.938	0.051	3.32599097562549e-71	8	KLRD1
2.1044399766099e-75	2.6596937706084	0.875	0.043	3.57333908028362e-71	8	CLIC3
7.04342308521768e-68	3.17174910169679	0.969	0.069	1.19597323986996e-63	8	GZMA
3.16167217433848e-63	3.22155625228081	1	0.084	5.36851935202675e-59	8	CST7
2.03455132357921e-62	2.15302579586399	0.906	0.065	3.45466814743749e-58	8	IL2RB
3.92603541975037e-58	4.51503840810578	1	0.101	6.66640814273613e-54	8	NKG7
9.65398703601933e-49	2.36633096657793	0.906	0.095	1.63924699871608e-44	8	HOPX
4.7006524736897e-47	3.48094196059095	0.969	0.131	7.98170790032511e-43	8	PRF1
1.39453224524956e-45	1.98115128079261	0.938	0.094	2.36791575243375e-41	8	KLRB1
1.03819156757449e-39	2.27867665757625	0.844	0.102	1.76284928174149e-35	8	CX3CR1
1.26961725041434e-36	2.62660686405579	0.875	0.109	2.15581009120355e-32	8	CCL5
4.72128198944598e-30	2.88244646040493	1	0.291	8.01673681807927e-26	8	CTSW
2.08878295370119e-28	1.3602249249139	0.812	0.128	3.54675345538463e-24	8	CD300A
6.39055806485975e-27	1.30185436212734	0.844	0.153	1.08511675941319e-22	8	ABI3
6.15025371303273e-24	1.47728939901713	0.781	0.162	1.04431308047296e-19	8	APMAP
1.02040716741726e-22	1.91206055887329	1	0.448	1.7326513702745e-18	8	CD247
5.87937146804441e-20	1.50705790886694	0.938	0.271	9.9831727527394e-16	8	PLEK
9.99057579429831e-20	1.86008456056595	1	0.674	1.69639976987185e-15	8	IFITM1
6.25998731466501e-19	1.80389258595658	0.969	0.451	1.06294584603012e-14	8	EFHD2
7.03398777319045e-19	1.62463332467138	1	0.615	1.19437112388774e-14	8	SRGN
9.07047890826074e-19	1.50486739829582	1	0.998	1.54016731862267e-14	8	PFN1
1.07201618585455e-18	1.19460262247465	0.969	0.371	1.82028348358103e-14	8	DHRS7
3.02048369440898e-18	1.15025940960977	1	1	5.12878131310645e-14	8	B2M
3.24700031228828e-17	1.86709684954372	1	0.51	5.5134065302655e-13	8	CD7
4.42880899760626e-17	1.24711804728051	1	0.791	7.52011767793542e-13	8	TGFB1
7.63588331348421e-17	1.40710977074828	0.938	0.369	1.29657298662962e-12	8	XBP1
2.70491457345555e-16	1.49890959367389	1	0.679	4.59294494572752e-12	8	HCST
1.03131249025311e-15	1.37449370897214	0.875	0.317	1.75116860844978e-11	8	GZMM
2.51093930424702e-15	1.46611074063971	1	0.81	4.26357493861143e-11	8	ITGB2
4.45888253130232e-15	1.22894014352952	0.844	0.323	7.57118253815134e-11	8	SPN
1.29450341382691e-14	1.41727963958761	0.938	0.337	2.1980667966781e-10	8	FCER1G
3.63985227398143e-14	1.15686871500429	1	0.941	6.18046916122046e-10	8	CALM1
3.67304544450754e-14	1.34036196242132	1	0.694	6.2368311647738e-10	8	CLIC1
4.4788420995271e-14	1.09410811208204	1	0.989	7.60507388499701e-10	8	CFL1
8.8645231644637e-14	1.52575984488463	0.844	0.44	1.50519603332594e-09	8	IFITM2
9.65445664958758e-14	1.35058684671679	0.875	0.53	1.63932673909997e-09	8	LITAF
1.95255555210391e-13	1.2974065788677	0.969	0.678	3.31543932747243e-09	8	RAP1B
3.96093228895785e-13	1.22467145780114	1	0.92	6.72566302665043e-09	8	CYBA
5.27347869088576e-13	0.975020416317792	0.969	0.731	8.95436681712402e-09	8	UBB
5.48946525163496e-13	1.12253026876518	0.969	0.678	9.32111199727617e-09	8	CD99
7.32445222024704e-13	0.912382111888922	0.781	0.256	1.24369198699795e-08	8	ARPC5L
8.61985727604e-13	1.14285305060671	1	0.944	1.46365176547159e-08	8	MYL12A
1.24249979855956e-12	0.867488080871948	0.844	0.291	2.10976465795413e-08	8	MAPRE2
2.03489146881081e-12	1.50769067716335	0.875	0.471	3.45524571404075e-08	8	ABHD17A
2.0636736201415e-12	1.31230471882724	0.906	0.504	3.50411780700026e-08	8	ARL4C
2.30947428570361e-12	0.980358071547163	0.938	0.424	3.92148733712473e-08	8	MBP
2.31816137382983e-12	1.160543765148	0.844	0.359	3.93623801276306e-08	8	CTSC
3.26545041825441e-12	1.09857801184161	0.938	0.488	5.54473481019598e-08	8	CD81
3.29539768930134e-12	1.04693522474551	0.781	0.266	5.59558527643367e-08	8	ID2
4.4104624869941e-12	0.877058232322719	1	0.82	7.48896530291598e-08	8	MYL12B
4.85118450371548e-12	1.05843086358334	0.969	0.693	8.23731128730889e-08	8	CCND3
4.99027350299366e-12	1.10246930224089	0.906	0.404	8.47348440808323e-08	8	ZAP70
5.483318677881e-12	1.27337136099516	0.844	0.454	9.31067511504194e-08	8	SLC9A3R1
1.81402206745193e-11	1.08904566290213	0.969	0.86	3.08020947053337e-07	8	RAC2
4.19580019111656e-11	0.998971095850204	0.812	0.354	7.12446872451592e-07	8	PLAC8
6.16757036479045e-11	0.789025452444868	0.812	0.325	1.04725344794142e-06	8	CDK2AP2
8.7142260169674e-11	1.13729358819666	0.875	0.473	1.47967557768106e-06	8	PLAAT4
9.78203537953195e-11	1.05619090188545	0.844	0.386	1.66098960744452e-06	8	IFITM3
2.9604807617672e-10	0.934142160304678	0.906	0.471	5.02689633348071e-06	8	ADGRE5
3.49578388573703e-10	0.70979108795024	1	0.99	5.93584103798148e-06	8	HLA-B
5.48053551223505e-10	0.833318940893303	0.844	0.356	9.30594929977512e-06	8	SKAP1
7.80362361239302e-10	1.03195370301952	1	0.359	1.32505528938433e-05	8	TYROBP
1.41779366229855e-09	0.82582275893595	0.969	0.918	2.40741363858293e-05	8	ARPC2
2.14829876946737e-09	0.949641676194626	0.938	0.606	3.64781131055559e-05	8	ANXA6
2.66156183517766e-09	0.828108174696965	0.969	0.851	4.51933199613167e-05	8	PSME1
2.82788170643838e-09	0.821740587289508	0.969	0.63	4.80174313753237e-05	8	CD53
3.48290004867326e-09	0.554868289463032	1	1	5.9139642826472e-05	8	TMSB4X
3.6384201977242e-09	1.0850240607336	0.906	0.754	6.17803749573569e-05	8	PPIB
4.51119694322182e-09	0.800832108740708	1	0.956	7.66001240959065e-05	8	HLA-C
4.70115896011036e-09	1.10798283680902	0.906	0.717	7.9825679142674e-05	8	JAK1
7.69646455510311e-09	0.722417012392444	0.844	0.42	0.000130685968145651	8	BSG
1.33834742071406e-08	0.72923321160795	1	1	0.000227251392037247	8	ACTB
1.56163427287983e-08	0.874076357762052	0.875	0.512	0.000265165499534995	8	FYN
1.80350077835323e-08	0.926381769925516	0.844	0.477	0.000306234432164379	8	FAM49B
2.16055209610051e-08	0.886296906472451	0.844	0.51	0.000366861745917867	8	DBI
2.81120198021881e-08	0.809071394646626	0.906	0.558	0.000477342096241154	8	PSME2
5.34949855813613e-08	0.875926369402877	0.844	0.497	0.000908344855171516	8	PRDX5
5.70314628406853e-08	1.03669516520361	0.812	0.581	0.000968394239034836	8	PDIA3
5.80103784366201e-08	0.826993302643888	0.906	0.529	0.00098501622585381	8	PPP1R18
6.85352382206909e-08	0.860641742894335	0.938	0.597	0.00116372834498733	8	LY6E
8.91287111279759e-08	0.766639865350512	1	0.976	0.00151340551495303	8	HLA-E
1.00386171506085e-07	0.822211488534578	0.875	0.665	0.00170455719217333	8	PPP1CA
1.67340781876539e-07	0.974371310705134	0.781	0.396	0.00284144647626363	8	DENND2D
2.49051908257261e-07	0.631766862838716	0.812	0.4	0.0042289014022083	8	TBCB
3.60180103201347e-07	0.817551625034986	0.938	0.7	0.00611585815235888	8	EVL
4.58583694894132e-07	0.869758162903926	0.844	0.57	0.00778675113930236	8	RNF213
4.80733708768312e-07	0.721538707832578	0.781	0.385	0.00816285837488593	8	RBBP4
6.62098394236713e-07	0.6967159013105	1	0.992	0.0112424307341394	8	ACTG1
7.01729493377066e-07	0.767036174849413	0.875	0.636	0.0119153667975426	8	SEPTIN7
8.73100741097408e-07	0.638617449095404	1	0.982	0.014825250583834	8	CORO1A
1.00132092027199e-06	0.594946589293778	0.781	0.31	0.0170024292262184	8	FGR
1.82752623854339e-06	0.661064263174914	1	0.971	0.0310313955304668	8	HLA-A
2.05734506236362e-06	0.675874426455414	0.906	0.654	0.0349337191589343	8	HSP90B1
2.07437307358345e-06	0.783699604938314	0.906	0.583	0.035222854789447	8	SUN2
