genes	avg_log2FC	p_val	adj.P.Val	pct.1	pct.2	tested_cluster	control_cluster	min.pct
RPL30	0.916508905160442	8.12479701874232e-74	1.37959053378245e-69	1	1	0	All	0.75
RPS14	0.872106380074094	1.54261075374736e-71	2.61935305986301e-67	1	0.998	0	All	0.75
RPS15A	0.919787852083529	3.12110760111916e-70	5.29964070670034e-66	1	0.998	0	All	0.75
RPL32	0.897483269401748	8.26611796979938e-70	1.40358683127194e-65	1	1	0	All	0.75
RPS27	1.01449364815204	1.35926612570412e-69	2.3080338814456e-65	1	0.997	0	All	0.75
RPS3A	0.915744210277118	3.95309967442229e-69	6.71236324716905e-65	1	0.998	0	All	0.75
LEF1	1.29790808847987	9.39445446762252e-69	1.5951783686023e-64	0.929	0.274	0	All	0.75
TCF7	1.41638327606605	2.64537156504439e-68	4.49184091744538e-64	0.967	0.427	0	All	0.75
RPL35A	0.779272397622583	3.38257222845832e-66	5.74360764392222e-62	1	1	0	All	0.75
RPL11	0.787900807767228	2.23654331596214e-65	3.79765055050371e-61	1	1	0	All	0.75
RPL34	0.76974477978954	4.69854182536976e-65	7.97812401947786e-61	1	1	0	All	0.75
RPL37	0.76087868719379	6.93431116973862e-63	1.17744603662162e-58	1	0.998	0	All	0.75
RPS13	0.722706735534583	3.40612366327961e-62	5.78359798024877e-58	1	1	0	All	0.75
SARAF	1.11343990649039	1.87199549915601e-61	3.1786483575669e-57	0.996	0.752	0	All	0.75
RPS12	0.93253147826556	3.39714911856737e-60	5.7683592033274e-56	1	0.998	0	All	0.75
RPS25	0.9162139349689	7.24870404583648e-60	1.23082994698303e-55	1	1	0	All	0.75
RPS27A	0.844925901489768	7.39019973882438e-60	1.25485591565238e-55	1	0.998	0	All	0.75
RPL19	0.749720080929993	4.70328557413832e-58	7.98617890488686e-54	1	0.998	0	All	0.75
RPS28	0.659901472743307	1.28579975728477e-57	2.18328798786953e-53	1	1	0	All	0.75
RPL39	0.64836632222947	5.7165635552705e-56	9.70672491684931e-52	1	1	0	All	0.75
RPS23	0.771151514262614	1.85111326241891e-55	3.14319031958731e-51	1	0.998	0	All	0.75
CCR7	1.21768446625414	3.68075649340642e-55	6.24992452580411e-51	0.879	0.323	0	All	0.75
RPS8	0.744284330056074	1.07126527806778e-54	1.81900844215909e-50	1	0.998	0	All	0.75
RPL5	0.81329728097723	8.24968916644111e-54	1.4007972204617e-49	1	0.997	0	All	0.75
RPS3	0.849793142137504	1.15500370971449e-53	1.9611962990952e-49	1	0.998	0	All	0.75
RPS21	0.758499774354768	1.60382238129281e-53	2.72329040343518e-49	1	0.998	0	All	0.75
RPL13	0.771070087906606	5.06089800387924e-53	8.59340481058695e-49	1	0.998	0	All	0.75
RPL10	0.817219217945278	1.78004376410024e-52	3.02251431144221e-48	1	1	0	All	0.75
CAMK4	1.0236708667424	2.76306921517759e-52	4.69169152737154e-48	0.778	0.24	0	All	0.75
EEF1B2	0.918119691774617	7.20705675431486e-52	1.22375823688266e-47	1	0.964	0	All	0.75
RPL14	0.804109883105523	4.10477646848116e-51	6.969910443481e-47	1	0.997	0	All	0.75
EEF1A1	0.625849047227066	8.8716259824775e-51	1.50640209182468e-46	1	0.998	0	All	0.75
RPS5	0.902505587213088	2.82606927226728e-50	4.79866562430984e-46	1	0.979	0	All	0.75
RPL36	0.709175358578635	1.72824247476112e-49	2.93455572214438e-45	1	0.998	0	All	0.75
RPS6	0.781069667578237	2.43154352755408e-48	4.12876090978683e-44	1	0.998	0	All	0.75
CD27	0.869908231934737	3.19725647588045e-48	5.428941496045e-44	0.833	0.281	0	All	0.75
RPL18	0.659163816758148	1.42724429878927e-47	2.42346081934418e-43	1	0.998	0	All	0.75
TPT1	0.735201179357916	1.45216588994074e-47	2.46577768111939e-43	1	1	0	All	0.75
RPS16	0.699017372665445	3.84013796584306e-47	6.52055426600152e-43	1	0.998	0	All	0.75
RPL3	0.853627412370282	4.00469599928889e-47	6.79997380679253e-43	1	0.995	0	All	0.75
RPL29	0.657120074377542	4.41412427691404e-47	7.49518302220005e-43	1	0.998	0	All	0.75
RPS4X	0.749755599105124	1.52393065078511e-46	2.58763424503311e-42	1	1	0	All	0.75
RPL24	0.652864157558459	1.58023328301584e-46	2.6832361145609e-42	1	0.991	0	All	0.75
CD3E	1.05094546574733	3.28054367608761e-46	5.57036316199676e-42	0.987	0.467	0	All	0.75
RPS15	0.571011113526312	1.00241438622064e-43	1.70209962780265e-39	1	1	0	All	0.75
RPS29	0.767732530181917	2.43136429594611e-43	4.1284565745165e-39	1	0.995	0	All	0.75
RPL22	0.694139837086528	3.07164066407484e-43	5.21564584759908e-39	1	0.989	0	All	0.75
RPL41	0.575998040166886	6.62462591097587e-43	1.1248614796837e-38	1	1	0	All	0.75
TOMM7	0.752084217188804	3.49326872193485e-42	5.93157028984538e-38	1	0.957	0	All	0.75
NPM1	0.828964743574802	3.67739875063153e-42	6.24422307857234e-38	0.996	0.844	0	All	0.75
NACA	0.609851183085537	1.08066549089724e-41	1.83497000354352e-37	1	0.998	0	All	0.75
RPL10A	0.717495906461263	1.15885016246068e-41	1.96772757585823e-37	1	0.992	0	All	0.75
C12orf57	0.891787573895736	4.90519895380016e-41	8.32902782355267e-37	0.954	0.528	0	All	0.75
RPL18A	0.667024602018649	1.07879673009584e-40	1.83179684770274e-36	1	0.998	0	All	0.75
RPS18	0.7711619577749	6.89664596438603e-40	1.17105048475275e-35	1	0.998	0	All	0.75
RACK1	0.562225695274933	7.0512620778123e-39	1.19730430081253e-34	1	0.998	0	All	0.75
TLE5	0.789980173605612	7.24886388991004e-39	1.23085708850672e-34	0.992	0.797	0	All	0.75
SNHG29	0.79063099798985	8.99234281024972e-39	1.5268998091804e-34	0.983	0.826	0	All	0.75
LINC00861	0.813031634521166	2.19225839559095e-38	3.72245475571343e-34	0.795	0.293	0	All	0.75
RPL28	0.543390212846973	1.79558824061128e-37	3.04890883255795e-33	1	0.998	0	All	0.75
RPL4	0.652724726307192	2.37386175996891e-37	4.0308172684272e-33	1	0.995	0	All	0.75
CD3G	0.766829948607615	6.40195278303346e-37	1.08705158255908e-32	0.837	0.338	0	All	0.75
RPLP2	0.534083370141653	1.15792013277785e-36	1.9661483854568e-32	1	0.998	0	All	0.75
RPS7	0.53931280879107	2.44762716126984e-36	4.15607091983619e-32	1	1	0	All	0.75
SELL	0.836479588910675	3.70920273021253e-36	6.29822623590087e-32	0.958	0.667	0	All	0.75
RPL6	0.52603042157304	6.96685788782554e-36	1.18297246935278e-31	1	0.998	0	All	0.75
CD3D	0.796066053143132	1.46345387134008e-35	2.48494467353545e-31	0.904	0.39	0	All	0.75
NOSIP	0.772216672777704	1.70033677660395e-35	2.8871718466735e-31	0.937	0.528	0	All	0.75
PIK3IP1	0.785876824527292	1.09895308786402e-34	1.86602234319311e-30	0.753	0.309	0	All	0.75
EVL	0.746538888466388	6.00612204896126e-34	1.01983952391362e-29	0.962	0.614	0	All	0.75
CD247	0.62353289541426	1.81465444820774e-33	3.08128325305674e-29	0.82	0.336	0	All	0.75
GIMAP7	0.757605198305144	7.44025169069496e-33	1.26335473708e-28	0.962	0.683	0	All	0.75
PABPC1	0.534432139505469	3.45276174462071e-32	5.86278944236596e-28	1	0.997	0	All	0.75
RPL8	0.538101277217502	1.06698693843751e-31	1.81174382146688e-27	1	0.998	0	All	0.75
RPS4Y1	0.618677247929795	1.09271594501704e-31	1.85543167463894e-27	0.992	0.932	0	All	0.75
CD7	0.687322797557185	2.28487250566988e-31	3.87971351462746e-27	0.87	0.399	0	All	0.75
IFITM1	0.721291011978928	1.5856629832896e-30	2.69245574562574e-26	0.987	0.573	0	All	0.75
ETS1	0.829586106150419	1.67807378404755e-30	2.84936928531274e-26	0.9	0.527	0	All	0.75
IL7R	0.729075227089136	3.8604596989309e-30	6.55506056878466e-26	0.916	0.427	0	All	0.75
RPL38	0.575518158099432	4.25196003021266e-30	7.2198281313011e-26	0.996	0.981	0	All	0.75
NDFIP1	0.726133660212475	1.20673826899211e-29	2.0490415807486e-25	0.828	0.505	0	All	0.75
EEF2	0.549012959153048	1.47220353368934e-28	2.4998016002045e-24	1	0.995	0	All	0.75
NOP53	0.698648200398122	3.44185306767361e-28	5.84426650890978e-24	0.941	0.776	0	All	0.75
LBH	0.635424168837007	3.77993715615226e-28	6.41833329114654e-24	0.791	0.361	0	All	0.75
LCK	0.679412181214345	3.8516609847841e-28	6.5401203521634e-24	0.841	0.405	0	All	0.75
MALAT1	0.576619382327825	4.26290883856258e-27	7.23841920787926e-23	1	0.998	0	All	0.75
BTG1	0.623878348429375	4.86998451863231e-27	8.26923371263767e-23	0.987	0.929	0	All	0.75
PCED1B-AS1	0.752760198000641	1.06891834801758e-26	1.81502335493385e-22	0.82	0.443	0	All	0.75
RPSA	0.612348524631702	1.41763671703552e-26	2.40714714552632e-22	1	0.964	0	All	0.75
GYPC	0.681015986782233	2.57904566216901e-26	4.37921953436298e-22	0.828	0.461	0	All	0.75
LEPROTL1	0.623821560692323	1.22865008083989e-25	2.08624783726614e-21	0.816	0.45	0	All	0.75
GAS5	0.649235066665746	1.97850576059304e-25	3.35950278148698e-21	0.916	0.651	0	All	0.75
RPL31	0.515231601079297	5.22675098193129e-25	8.87502316731934e-21	0.996	0.965	0	All	0.75
RPS19	0.522357424669747	1.22483039639246e-23	2.07976201307439e-19	1	0.998	0	All	0.75
FCMR	0.517143817897389	4.77481332215531e-22	8.10763302101971e-18	0.837	0.445	0	All	0.75
HSPA8	0.559378519666815	1.59143726110284e-21	2.70226046935262e-17	0.987	0.836	0	All	0.75
EIF3E	0.599894507259767	1.78637976354085e-21	3.03327283849236e-17	0.891	0.729	0	All	0.75
ST13	0.607200923370775	2.48472916259572e-21	4.21907011808754e-17	0.795	0.533	0	All	0.75
FYB1	0.590890909408413	2.44770660729124e-20	4.15620581918052e-16	0.967	0.776	0	All	0.75
SNHG8	0.509210904407757	6.25348100169926e-20	1.06184107408853e-15	0.854	0.577	0	All	0.75
ANP32B	0.509669695433088	4.51244933863607e-18	7.66213897700404e-14	0.874	0.659	0	All	0.75
TMEM123	0.577664810551732	7.03479432580011e-18	1.19450807652086e-13	0.766	0.5	0	All	0.75
MZT2B	0.512892193883121	1.05512807329619e-17	1.79160746845693e-13	0.874	0.715	0	All	0.75
S100A8	4.46832991571918	2.60323538742157e-128	4.42029368784182e-124	0.995	0.166	1	All	0.75
S100A12	2.95073471380875	3.94095750473292e-123	6.69174584303649e-119	0.893	0.081	1	All	0.75
S100A9	3.72447212098775	3.16091193845362e-120	5.36722847149424e-116	1	0.17	1	All	0.75
VCAN	2.65519916801043	1.15761469465191e-118	1.96562975151895e-114	0.97	0.123	1	All	0.75
LYZ	2.50399621611312	2.89407244714961e-103	4.91413501526004e-99	0.975	0.148	1	All	0.75
FCN1	2.16669129172956	1.92133365356453e-102	3.26242454375258e-98	0.949	0.118	1	All	0.75
MNDA	2.14273662441881	1.53239639663676e-96	2.60200908148922e-92	0.863	0.114	1	All	0.75
CST3	1.842912367863	1.71897322317805e-91	2.91881653295633e-87	0.995	0.16	1	All	0.75
CSF3R	1.74596298292018	3.01555629502627e-91	5.12041458895461e-87	0.812	0.102	1	All	0.75
CEBPD	1.8807583024078	1.93563974197814e-83	3.28671628187888e-79	0.914	0.198	1	All	0.75
FOS	2.65418664638169	2.22117818195778e-83	3.77156055296432e-79	0.985	0.496	1	All	0.75
TYROBP	1.97410747185494	2.82953267970517e-83	4.80454649013937e-79	0.98	0.209	1	All	0.75
CD36	1.51941600605855	5.35203093368213e-82	9.08774852539226e-78	0.766	0.102	1	All	0.75
CD14	1.59128707246652	7.20338467976971e-82	1.2231347186249e-77	0.766	0.095	1	All	0.75
GPX1	2.34296735342204	1.75455296780008e-80	2.97923093932454e-76	1	0.513	1	All	0.75
CSTA	1.44612505034427	6.40044842981645e-79	1.08679614338283e-74	0.751	0.104	1	All	0.75
CTSD	1.5259889780979	2.60020230049495e-78	4.41514350624042e-74	0.772	0.133	1	All	0.75
TYMP	1.60729515556161	1.6405010296139e-77	2.78557074828441e-73	0.934	0.234	1	All	0.75
FTL	2.00583458643267	5.12702536738874e-77	8.70568907382608e-73	1	0.994	1	All	0.75
S100A6	2.27728443448997	8.77500790122513e-76	1.48999634162803e-71	0.995	0.893	1	All	0.75
CTSS	1.76327500903033	7.7666455059154e-73	1.31877640690444e-68	0.97	0.407	1	All	0.75
AL512646.1	1.97447550757153	1.14669711496345e-72	1.94709170120794e-68	1	1	1	All	0.75
SERPINA1	1.28773203956887	1.66680341029424e-72	2.83023219067962e-68	0.787	0.112	1	All	0.75
AC020916.1	1.54819348022213	3.44205698742899e-72	5.84461276465443e-68	0.792	0.175	1	All	0.75
STXBP2	1.50683522135375	6.56705733665897e-72	1.11508633576469e-67	0.802	0.179	1	All	0.75
AIF1	1.78213655185638	1.75909782381079e-71	2.98694810483073e-67	0.949	0.351	1	All	0.75
SPI1	1.51767478288036	1.86723037396051e-71	3.17055717498494e-67	0.853	0.167	1	All	0.75
LGALS1	1.70763327266481	2.28480219658675e-71	3.8795941298043e-67	0.954	0.299	1	All	0.75
NEAT1	1.81401704528811	8.80187106669416e-67	1.49455770712467e-62	0.985	0.581	1	All	0.75
LINC00844	1.51704718329251	3.93171676154664e-66	6.67605506110619e-62	0.954	0.499	1	All	0.75
TSPO	1.5686266577918	7.65214310489583e-66	1.29933389921131e-61	0.975	0.672	1	All	0.75
TALDO1	1.50075381152787	1.03949016407903e-65	1.76505429860619e-61	0.914	0.45	1	All	0.75
PSAP	1.40585417711351	1.09885295584386e-64	1.86585231902288e-60	0.995	0.617	1	All	0.75
S100A4	1.75821188306716	1.68803407075687e-64	2.86628185214516e-60	0.995	0.75	1	All	0.75
S100A11	1.70823762198355	1.86761127018771e-63	3.17120393677873e-59	0.98	0.595	1	All	0.75
LST1	1.30597548242619	2.28741025602279e-63	3.88402261472669e-59	0.812	0.191	1	All	0.75
FCER1G	1.23013842951702	4.42186365673559e-61	7.50832448913703e-57	0.888	0.204	1	All	0.75
DUSP1	1.63345603182742	6.6484667101377e-59	1.12890964738138e-54	0.959	0.537	1	All	0.75
BTBD9	1.30738154426251	1.05262845906545e-58	1.78736312349313e-54	0.98	0.741	1	All	0.75
CYBB	1.23996153069411	3.54489114917938e-58	6.01922517130659e-54	0.792	0.188	1	All	0.75
APLP2	1.31573711963367	8.11239865830542e-58	1.37748529218026e-53	0.782	0.223	1	All	0.75
COTL1	1.28174594809843	6.35714774781167e-57	1.07944368757842e-52	0.99	0.672	1	All	0.75
SAT1	1.35923543328753	4.91051441032065e-56	8.33805346872446e-52	0.959	0.513	1	All	0.75
OAZ1	1.26033584935273	1.84189487499885e-55	3.12753749774805e-51	1	0.941	1	All	0.75
GAPDH	1.14888820738627	3.72020422030692e-55	6.31690676608114e-51	1	0.933	1	All	0.75
GRN	1.35633204538202	1.83104632074359e-54	3.10911665262262e-50	0.772	0.228	1	All	0.75
FTH1	1.29329430066902	2.70411065551511e-54	4.59157989306466e-50	1	0.999	1	All	0.75
GSTP1	1.35420042761268	8.55929553241839e-53	1.45336838140464e-48	0.939	0.525	1	All	0.75
FGR	1.08921086797925	6.74710188113127e-52	1.14565789941609e-47	0.782	0.195	1	All	0.75
ZNF333	1.17550784650702	9.43008915404033e-52	1.60122913835605e-47	0.904	0.494	1	All	0.75
BRI3	1.28318898503151	1.66350440452437e-51	2.82463047888238e-47	0.878	0.417	1	All	0.75
TMBIM4	1.22483409426242	2.64239378300802e-51	4.48678464354762e-47	0.807	0.342	1	All	0.75
VIM	1.22853486673607	6.72784847606875e-51	1.14238867123647e-46	0.985	0.808	1	All	0.75
SH3BGRL3	1.13985493771621	2.1493147324973e-50	3.64953641578042e-46	0.995	0.967	1	All	0.75
MT-ND2	0.924563444594527	7.95353429175017e-49	1.35051012273918e-44	1	0.987	1	All	0.75
ATP5F1E	0.843801979697171	2.21486118880638e-48	3.76083429859323e-44	1	0.996	1	All	0.75
FGF23	1.11075591678048	5.50851219531555e-47	9.3534537076458e-43	0.97	0.812	1	All	0.75
KAT7	1.16368696743963	9.98105797491617e-46	1.69478364414077e-41	0.873	0.466	1	All	0.75
AL359976.1	1.11086719287375	4.09355614535428e-44	6.95085833481157e-40	0.827	0.392	1	All	0.75
MYL6	1.080904832303	6.65415380302728e-44	1.12987531575403e-39	0.985	0.945	1	All	0.75
FOSB	1.3458682095497	1.74400614729189e-43	2.96132243810162e-39	0.772	0.371	1	All	0.75
TKT	1.19437301790215	1.08103762718866e-42	1.83560189096634e-38	0.883	0.575	1	All	0.75
S100A10	1.20364613689724	1.13202587583743e-42	1.92217993717196e-38	0.98	0.796	1	All	0.75
SERF2	0.790441503666528	1.64701549070531e-41	2.79663230321761e-37	1	0.99	1	All	0.75
SRGN	1.04922850980797	8.54312186401412e-39	1.4506220925096e-34	0.919	0.544	1	All	0.75
MT-ND4	0.759071797062914	5.74461753706954e-38	9.75436057794407e-34	1	1	1	All	0.75
AP2S1	0.992199137590842	1.23803025110525e-37	2.10217536637671e-33	0.792	0.411	1	All	0.75
GABARAP	0.951457360860816	8.80300350038285e-37	1.49474999436501e-32	0.97	0.848	1	All	0.75
ELOB	0.934356397191617	9.12183149795315e-37	1.54888698835244e-32	0.944	0.805	1	All	0.75
ANXA2	1.0000182929525	2.85977969625048e-36	4.85590592423331e-32	0.751	0.306	1	All	0.75
H3-3A	0.879365200627106	1.70468542212161e-35	2.8945558467625e-31	0.985	0.892	1	All	0.75
MT-ND1	0.754313468106326	1.77224646805723e-35	3.00927450276118e-31	1	0.999	1	All	0.75
KLF6	1.04593168696865	1.59765686336912e-34	2.71282135400076e-30	0.924	0.62	1	All	0.75
TLN1	1.19023046768724	1.24430348749223e-33	2.11282732176181e-29	0.878	0.503	1	All	0.75
ATP5F1A	0.865359441326828	1.39640332307651e-33	2.37109284258392e-29	0.954	0.799	1	All	0.75
AHNAK	0.979941632253067	6.11659969621423e-33	1.03859862841718e-28	0.944	0.515	1	All	0.75
RAC1	0.945056413742591	1.4472842786351e-32	2.4574887051224e-28	0.868	0.57	1	All	0.75
PKM	0.960538532645831	4.78613039640628e-32	8.12684941309786e-28	0.949	0.741	1	All	0.75
FLNA	0.997722593926029	6.6628318475176e-32	1.13134884770849e-27	0.893	0.518	1	All	0.75
LAMTOR4	0.859078580261997	2.72590334828766e-30	4.62858388539245e-26	0.873	0.639	1	All	0.75
CYBA	0.736375165437533	9.6930308414701e-30	1.64587663688162e-25	0.99	0.904	1	All	0.75
MCL1	0.914827158119089	1.3537333554655e-29	2.29863923758042e-25	0.843	0.547	1	All	0.75
ITGB2	0.773605710715328	2.10193420117066e-28	3.56908427358779e-24	0.97	0.772	1	All	0.75
EFHD2	0.791446021240009	4.80843950024628e-28	8.16473027141818e-24	0.777	0.38	1	All	0.75
LSP1	0.704094030245142	4.78117786731813e-27	8.11844001870618e-23	0.975	0.898	1	All	0.75
GNAI2	0.70361219440106	6.58941661857312e-27	1.11888294183372e-22	0.98	0.822	1	All	0.75
ACTB	0.637036955422247	1.15649865824065e-23	1.96373472169263e-19	1	1	1	All	0.75
VSIR	0.711852953347175	1.3144759873018e-23	2.23198022643845e-19	0.863	0.601	1	All	0.75
LRRFIP1	0.694763352037333	6.63075371501111e-23	1.12590198080889e-18	0.914	0.698	1	All	0.75
ARPC1B	0.717051419239118	3.25044113637496e-21	5.51924904956468e-17	0.817	0.546	1	All	0.75
MT-RNR1	0.50381943584416	8.30198134418305e-21	1.40967643224228e-16	1	1	1	All	0.75
IER2	0.732662788750351	3.26203559881035e-19	5.53893644677998e-15	0.929	0.783	1	All	0.75
CAST	0.684705439461258	2.61087597568884e-18	4.43326740671965e-14	0.761	0.494	1	All	0.75
ATP5MPL	0.60377393937842	3.85279059260319e-16	6.54203842624021e-12	0.797	0.632	1	All	0.75
TPI1	0.555759618309659	4.81681730985973e-16	8.17895579214182e-12	0.797	0.611	1	All	0.75
COX8A	0.600541993486795	5.88255580781586e-16	9.98857976167132e-12	0.817	0.608	1	All	0.75
LCP1	0.574500733835777	8.32318921104209e-16	1.41327752803495e-11	0.904	0.725	1	All	0.75
GNB2	0.526123976903507	4.31177806381286e-15	7.32139915235424e-11	0.792	0.641	1	All	0.75
CLIC1	0.510864879926937	6.87449002859574e-15	1.16728840685556e-10	0.914	0.645	1	All	0.75
ANXA1	0.530596814419775	6.23394518671544e-14	1.05852389270428e-09	0.807	0.528	1	All	0.75
ALDOA	0.55643519548936	8.20251339542052e-14	1.3927867745424e-09	0.817	0.664	1	All	0.75
SERP1	0.506789713818835	1.62809036474348e-13	2.76449743933442e-09	0.893	0.768	1	All	0.75
ZFP36	0.562715377289429	3.09067930566301e-12	5.24797346101579e-08	0.898	0.778	1	All	0.75
AD000090.1	1.1125602860331	2.92553855390382e-11	4.96756446452869e-07	1	1	1	All	0.75
ZYX	0.582923977076885	4.58930201346628e-11	7.79263481886575e-07	0.797	0.598	1	All	0.75
AC010970.1	0.618319742169116	1.5709904244034e-09	2.66754174063698e-05	1	1	1	All	0.75
ITGB1	1.33795744787521	4.07524242133437e-31	6.91976163142576e-27	0.775	0.265	2	All	0.75
INPP4B	0.973754030671787	3.14236495798277e-30	5.33573569865474e-26	0.775	0.236	2	All	0.75
IL32	1.26578429911413	3.17254822357024e-25	5.38698688362227e-21	0.989	0.605	2	All	0.75
IL7R	1.31506455877119	5.19564322254219e-22	8.82220219187664e-18	0.944	0.518	2	All	0.75
LTB	1.27695093957608	1.29691193006076e-18	2.20215645724318e-14	0.978	0.73	2	All	0.75
ARHGAP15	0.803892953178569	8.17767348774642e-16	1.38856895821934e-11	0.775	0.406	2	All	0.75
GSTK1	0.774231068401032	1.3826457881708e-14	2.34773254831402e-10	0.91	0.735	2	All	0.75
B2M	0.573760728838522	1.71053777341757e-13	2.90449313926303e-09	1	1	2	All	0.75
ETS1	0.683619764202049	2.63934019030483e-12	4.48159964313759e-08	0.91	0.597	2	All	0.75
ZAP70	0.562401697920374	4.89894044024668e-12	8.31840086753887e-08	0.775	0.383	2	All	0.75
CD3G	0.532480750878013	6.97518064340342e-11	1.1843856732499e-06	0.831	0.434	2	All	0.75
CD3E	0.600942159772432	2.96254032737729e-10	5.03039347588664e-06	0.978	0.568	2	All	0.75
IFITM1	0.604529183681901	1.96974426853049e-09	3.34462576796476e-05	0.966	0.654	2	All	0.75
HSPA8	0.527340558502054	8.69077143249376e-09	0.000147569298923744	1	0.864	2	All	0.75
CD3D	0.513763659288807	1.00607058166321e-08	0.000170830784766413	0.843	0.495	2	All	0.75
MALAT1	0.572130284491558	3.27855211575068e-07	0.00556698149254465	1	0.999	2	All	0.75
FXYD5	0.509439894691153	3.4585238888561e-07	0.00587257356327766	1	0.969	2	All	0.75
CD8B	2.45852921836097	2.48609569697489e-122	4.22139049346336e-118	0.988	0.057	3	All	0.75
CD8A	1.79242485404997	6.2596877770204e-92	1.06289498453806e-87	0.94	0.08	3	All	0.75
CTSW	0.736571263374456	1.13866226068466e-27	1.93344851864254e-23	0.857	0.26	3	All	0.75
LEF1	1.09843898399534	1.56912676837763e-25	2.66437725270522e-21	0.976	0.398	3	All	0.75
CD7	0.98413076848309	1.07115993050082e-23	1.8188295619904e-19	0.976	0.48	3	All	0.75
CCR7	0.96245514699122	2.98202123199296e-22	5.06347205192405e-18	0.929	0.427	3	All	0.75
RPS3A	0.684780272532464	4.57524982218909e-22	7.76877419807707e-18	1	0.999	3	All	0.75
OXNAD1	0.767704089371181	1.4878050229464e-21	2.52629292896299e-17	0.762	0.269	3	All	0.75
RPS12	0.751646558368774	3.99862620667859e-21	6.78966729894025e-17	1	0.999	3	All	0.75
CD27	0.832646233319131	1.12325946746126e-20	1.90729457574921e-16	0.881	0.384	3	All	0.75
LDLRAP1	0.747530475364323	2.22410643790188e-20	3.77653273155739e-16	0.821	0.332	3	All	0.75
RPL32	0.657356678273646	4.45257457044917e-20	7.56047162062268e-16	1	1	3	All	0.75
RPS21	0.634925629654082	4.75084835662886e-20	8.0669405095558e-16	1	0.999	3	All	0.75
RPS28	0.543543083196501	5.16459528861868e-20	8.76948280007452e-16	1	1	3	All	0.75
RPS8	0.617099373274768	8.75058809977275e-20	1.48584985934141e-15	1	0.999	3	All	0.75
RPS5	0.761856902534586	1.13055980285928e-19	1.91969054525506e-15	1	0.984	3	All	0.75
NPM1	0.758733300555166	8.37973165987926e-19	1.4228784358475e-14	1	0.873	3	All	0.75
CD3E	0.883682518732151	1.46110840610983e-18	2.48096207357449e-14	1	0.568	3	All	0.75
RPS3	0.673149450809448	2.23207708534737e-18	3.79006689091984e-14	1	0.999	3	All	0.75
MT-ND4L	0.67877372336526	4.89941558472176e-18	8.31920766285754e-14	1	0.965	3	All	0.75
RPL28	0.511940992599405	5.00890908970957e-18	8.50512763432685e-14	1	0.999	3	All	0.75
RPL14	0.613589592912803	1.52901373100138e-17	2.59626531524034e-13	1	0.997	3	All	0.75
RPS6	0.632044520073299	2.13576599125763e-17	3.62653065315545e-13	1	0.999	3	All	0.75
RPL5	0.660553595977642	2.40571182395228e-17	4.08489867707097e-13	1	0.997	3	All	0.75
RPL19	0.58057354500636	2.66574158873722e-17	4.5264292176758e-13	1	0.999	3	All	0.75
SARAF	0.765177593111535	3.14890083588981e-17	5.3468336193409e-13	0.988	0.801	3	All	0.75
RPL12	0.559308706921601	3.49275880291048e-17	5.93070444734199e-13	1	0.999	3	All	0.75
RPS13	0.569146904726623	4.18329725462159e-17	7.10323873834745e-13	1	1	3	All	0.75
RPS4X	0.633595500309434	4.62762620053034e-17	7.85770928850052e-13	1	1	3	All	0.75
CD3D	0.75110852616214	4.94780100693024e-17	8.40136610976755e-13	0.976	0.483	3	All	0.75
RPS14	0.564962214228768	6.70218622905557e-17	1.13803122169364e-12	1	0.999	3	All	0.75
EEF1B2	0.696354601710642	7.36431265415085e-17	1.25046028867481e-12	1	0.971	3	All	0.75
LCK	0.69714317513333	2.07552484824328e-16	3.52424119231708e-12	0.964	0.478	3	All	0.75
RPL10	0.617982917111535	3.15119305258539e-16	5.35072580328999e-12	1	1	3	All	0.75
RPS19	0.535963397829144	4.62048235281905e-16	7.84557903508675e-12	1	0.999	3	All	0.75
LEPROTL1	0.700844611297529	4.67995368657867e-16	7.94656135981058e-12	0.893	0.513	3	All	0.75
RPL13	0.559533633552111	6.95971747494463e-16	1.1817600272456e-11	1	0.999	3	All	0.75
RPS27A	0.586216205735609	1.63075747016827e-15	2.76902618434572e-11	1	0.999	3	All	0.75
RPS23	0.553797643106726	2.57233775924438e-15	4.36782951519696e-11	1	0.999	3	All	0.75
RPL34	0.502014211569239	4.11798769506031e-15	6.9923431062124e-11	1	1	3	All	0.75
NDFIP1	0.731876546939287	7.14225949526854e-15	1.2127556622966e-10	0.905	0.56	3	All	0.75
RPL30	0.565537452949855	9.65252252619386e-15	1.63899832494772e-10	1	1	3	All	0.75
RPS15A	0.580141352048853	1.07430569763626e-14	1.82417107458637e-10	1	0.999	3	All	0.75
PCED1B-AS1	0.779519536118754	1.11576404055256e-14	1.89456734085824e-10	0.917	0.507	3	All	0.75
RPL10A	0.59353988247586	1.33186017968241e-14	2.26149858510073e-10	1	0.994	3	All	0.75
RPS25	0.604163163589328	1.35403315934797e-14	2.29914830457285e-10	1	1	3	All	0.75
PRMT2	0.609223956699512	1.80582714003711e-14	3.06629448378301e-10	0.917	0.506	3	All	0.75
RPS4Y1	0.628462995347252	2.44692327031072e-14	4.1548757129876e-10	1	0.943	3	All	0.75
RPS2P5	0.578384814207847	3.6381967715005e-14	6.17765811800784e-10	1	0.934	3	All	0.75
RPSA	0.638662907103772	3.6848445476467e-14	6.25686604190409e-10	1	0.971	3	All	0.75
C12orf57	0.663879557945378	4.53454639492261e-14	7.69965977857859e-10	0.988	0.608	3	All	0.75
CD3G	0.618744241167718	5.04405455655671e-14	8.5648046370333e-10	0.893	0.43	3	All	0.75
TCF7	0.754417469720049	5.46674306310838e-14	9.28252972115804e-10	0.976	0.532	3	All	0.75
RPL22	0.502587675032852	1.02571401156364e-13	1.74166239163507e-09	1	0.991	3	All	0.75
PIK3IP1	0.664231460535334	1.2303764394349e-13	2.08917919416045e-09	0.786	0.393	3	All	0.75
RPL11	0.504344288499804	1.3433969577084e-13	2.28108803418887e-09	1	1	3	All	0.75
SNHG29	0.638488920726222	1.66504164444422e-13	2.82724071226629e-09	0.952	0.861	3	All	0.75
STK17A	0.63712881389326	2.17908661384087e-13	3.7000890703018e-09	0.845	0.455	3	All	0.75
RPL3	0.622383095429673	2.24028896749329e-13	3.8040106668036e-09	1	0.996	3	All	0.75
RPS18	0.56995424447099	1.51965966299867e-12	2.58038210777174e-08	1	0.999	3	All	0.75
BTF3	0.502600129969232	2.60489861276551e-12	4.42311784447583e-08	1	0.975	3	All	0.75
NOSIP	0.73150953841094	2.72822623263307e-12	4.63252814301095e-08	0.964	0.606	3	All	0.75
IFITM1	0.668540492386176	2.89920355663786e-12	4.92284763917109e-08	1	0.653	3	All	0.75
RPS16	0.501622112142114	3.42942617120387e-12	5.82316563870418e-08	1	0.999	3	All	0.75
SNHG8	0.714505631015345	3.93063768724843e-12	6.67422279294783e-08	0.893	0.627	3	All	0.75
RGS10	0.543218869370683	4.22763827805254e-12	7.17852979613321e-08	0.869	0.545	3	All	0.75
HSPA8	0.56511355640454	8.81869310403181e-12	1.4974140890646e-07	1	0.864	3	All	0.75
ATM	0.681366984674219	2.57119290974059e-11	4.36588556073953e-07	0.81	0.499	3	All	0.75
MCUB	0.517577817255658	4.13365382300429e-11	7.01894419146128e-07	0.833	0.454	3	All	0.75
RPS29	0.513438130215675	9.50776142788106e-11	1.6144178904542e-06	1	0.996	3	All	0.75
IL32	0.542670589521743	1.41756571187065e-10	2.40702657875636e-06	1	0.606	3	All	0.75
GAS5	0.574002008325015	2.6852779192547e-10	4.55960190689448e-06	0.917	0.703	3	All	0.75
EVL	0.534857067969936	9.75768819868908e-10	1.65685545613741e-05	0.964	0.682	3	All	0.75
GYPC	0.503538517421707	2.57816128794983e-09	4.37771786693882e-05	0.845	0.531	3	All	0.75
SUN2	0.500347905833614	3.13623815593237e-08	0.000532533238877317	0.845	0.568	3	All	0.75
CPVL	1.44308213045879	1.96303616001395e-79	3.33323539970369e-75	0.877	0.086	4	All	0.75
LGALS2	1.48858433168888	1.57023279123781e-61	2.66625527952181e-57	0.852	0.117	4	All	0.75
FGL2	1.43118723927217	5.81811861379438e-58	9.87916540622286e-54	0.938	0.172	4	All	0.75
HLA-DRB1	1.89588810155105	1.25322832848591e-54	2.12798170176908e-50	0.963	0.222	4	All	0.75
CST3	2.51647691107822	3.73179910226365e-53	6.33659487564368e-49	1	0.282	4	All	0.75
SPI1	1.77468600502993	5.04509059778702e-51	8.56656383504235e-47	1	0.253	4	All	0.75
SERPINA1	1.77402255616856	8.56949039108855e-50	1.45509946840684e-45	0.926	0.197	4	All	0.75
LGALS9	1.03811432413598	1.17861635863125e-48	2.00129057695586e-44	0.802	0.141	4	All	0.75
LST1	1.80082119358257	1.23487278205549e-47	2.09681398393022e-43	1	0.263	4	All	0.75
NCF2	1.16220229291991	5.22638689697485e-44	8.8744049510633e-40	0.901	0.183	4	All	0.75
TYMP	1.76517991421262	7.08483120856022e-44	1.20300433921353e-39	1	0.33	4	All	0.75
FGR	1.3875768817414	7.5563615461286e-44	1.28307019053264e-39	0.975	0.261	4	All	0.75
FCER1G	1.78134333127028	1.81189643478178e-43	3.07660014625947e-39	1	0.293	4	All	0.75
LYZ	1.95494258563494	6.57073311170492e-42	1.1157104823675e-37	1	0.266	4	All	0.75
TNFAIP2	1.39519268788197	8.90546854862489e-42	1.51214855955651e-37	0.889	0.188	4	All	0.75
LILRB2	1.34502546164132	1.47249331172279e-41	2.5002936433053e-37	0.864	0.188	4	All	0.75
TYROBP	1.82879264672244	1.52289580988446e-41	2.58587708518381e-37	1	0.319	4	All	0.75
HCK	1.36939941777482	7.92945827426513e-41	1.34642201497022e-36	0.84	0.186	4	All	0.75
FCN1	1.79184254615908	7.44544620529941e-40	1.26423676565984e-35	0.926	0.242	4	All	0.75
GRN	1.36445665246763	1.89663356038393e-39	3.22048378553191e-35	0.975	0.287	4	All	0.75
HLA-DRA	2.13319501104431	2.73269377351313e-39	4.64011402742529e-35	0.988	0.316	4	All	0.75
MS4A6A	1.25772012852733	4.54990449467677e-39	7.72573783196116e-35	0.84	0.184	4	All	0.75
LGALS3	1.23989963649672	1.58608432685552e-38	2.69317118700068e-34	0.864	0.212	4	All	0.75
PSAP	1.90288592458575	3.78106159867561e-38	6.42024259455119e-34	1	0.672	4	All	0.75
FPR1	1.01926644162834	5.83306990262852e-38	9.90455269466322e-34	0.815	0.164	4	All	0.75
LGALS1	1.66726611090425	1.48720813584493e-37	2.52527941466469e-33	1	0.39	4	All	0.75
HLA-DPA1	1.99624228055977	2.05512059863235e-37	3.48959477647773e-33	0.951	0.318	4	All	0.75
MPEG1	1.10230362432084	3.16686928960238e-37	5.37734405374484e-33	0.84	0.191	4	All	0.75
ANXA5	1.24301890431735	1.29047206840017e-36	2.19122157214349e-32	0.938	0.303	4	All	0.75
CTSZ	1.34808443538461	2.28388874247766e-36	3.87804308472707e-32	0.914	0.306	4	All	0.75
CYBB	1.35789359217523	5.26826053438496e-36	8.94550638738565e-32	0.914	0.264	4	All	0.75
AIF1	1.75484399849331	8.0853373629227e-36	1.37289028422427e-31	1	0.433	4	All	0.75
CTSS	1.71924062768053	3.81490763322306e-35	6.47771316121276e-31	1	0.486	4	All	0.75
CTSH	1.01964017787877	1.53764544796657e-34	2.61092197064724e-30	0.852	0.23	4	All	0.75
PRAM1	0.810875351533596	2.75288133880703e-34	4.67439251329433e-30	0.765	0.155	4	All	0.75
COTL1	1.64003971698705	2.79748351556395e-34	4.75012700942759e-30	0.988	0.718	4	All	0.75
MNDA	1.23919215254429	3.29497573444852e-34	5.59486879709358e-30	0.914	0.218	4	All	0.75
NPC2	1.15653275192556	3.65806343422721e-34	6.2113917113178e-30	0.938	0.356	4	All	0.75
HLA-DMA	1.19032200704546	5.62147231161062e-34	9.54525998511483e-30	0.815	0.208	4	All	0.75
FCGRT	1.19952525035732	9.17650661262801e-34	1.55817082282424e-29	0.901	0.309	4	All	0.75
CFD	1.32834635905835	1.26388561558956e-33	2.14607777527107e-29	0.778	0.188	4	All	0.75
HLA-DRB5	1.74214622905828	1.81973086396789e-33	3.08990300701747e-29	0.877	0.23	4	All	0.75
LRP1	1.08453466865347	3.08346549442639e-33	5.23572440953601e-29	0.753	0.169	4	All	0.75
CCDC88A	0.898899156736699	4.02088209735101e-33	6.82745780130202e-29	0.765	0.173	4	All	0.75
GSTP1	1.47429287179419	5.45056978221772e-33	9.25506749020568e-29	1	0.58	4	All	0.75
ZEB2	1.01611412536823	1.25963800904524e-32	2.13886533935882e-28	0.877	0.235	4	All	0.75
CSTA	0.889196403662694	1.41969356876551e-32	2.41063967976384e-28	0.84	0.189	4	All	0.75
CTSB	1.14219991841469	3.12073334923211e-32	5.29900522699612e-28	0.938	0.337	4	All	0.75
LYN	1.04407080565038	4.38687940255452e-31	7.44892122553758e-27	0.827	0.222	4	All	0.75
FTH1	1.42481317041944	8.12243725305059e-31	1.37918984556799e-26	1	0.999	4	All	0.75
CD74	1.38305486418784	1.75909720766675e-30	2.98694705861814e-26	1	0.862	4	All	0.75
BRI3	1.2469609222289	3.49471151900547e-30	5.93402015927128e-26	0.975	0.475	4	All	0.75
HLA-DPB1	1.72596310010873	6.75029781138699e-30	1.14620056837351e-25	0.852	0.282	4	All	0.75
CD36	1.01449956969511	3.74152867740895e-29	6.3531156942404e-25	0.802	0.196	4	All	0.75
RNF130	1.03428566588416	4.2136652460008e-29	7.15480358770935e-25	0.852	0.275	4	All	0.75
TNFRSF1B	1.21150410519371	5.59517480041199e-29	9.50060681109956e-25	0.852	0.308	4	All	0.75
CALM2	1.09433566459356	6.2619555762583e-29	1.06328005684866e-24	0.988	0.842	4	All	0.75
NAGK	0.899783970369092	2.93527777308307e-28	4.98410165869506e-24	0.802	0.256	4	All	0.75
EFHD2	1.03476991097716	3.14894302079368e-28	5.34690524930767e-24	0.975	0.418	4	All	0.75
GABARAP	1.10676427735961	5.67514491245083e-28	9.63639606134152e-24	1	0.862	4	All	0.75
MYO1F	1.00705142062313	6.1585505785763e-28	1.04572188824226e-23	0.926	0.314	4	All	0.75
JAML	1.14045080780027	8.93057467178243e-28	1.51641157926866e-23	0.864	0.328	4	All	0.75
ANXA2	1.19170856700987	2.04359242475648e-27	3.4700199372365e-23	0.914	0.355	4	All	0.75
CSF3R	0.921743194992259	2.21957290095045e-27	3.76883478581387e-23	0.815	0.206	4	All	0.75
FTL	1.58606230271563	3.3886071937214e-27	5.75385501493893e-23	1	0.995	4	All	0.75
CEBPD	1.22287186537426	3.52261247083614e-27	5.98139597547976e-23	0.938	0.301	4	All	0.75
S100A11	1.22834609858203	4.24078071569406e-27	7.20084565524852e-23	1	0.649	4	All	0.75
BLVRB	0.93504455815923	5.0237324545861e-27	8.53029770788721e-23	0.765	0.208	4	All	0.75
GPX1	1.17195085238427	6.21254342276438e-27	1.05488987318539e-22	0.988	0.586	4	All	0.75
GNAI2	0.935869662580284	6.85331227925258e-27	1.16369242501709e-22	1	0.843	4	All	0.75
AP1S2	0.9461547556055	3.22192517128008e-26	5.47082894083358e-22	0.864	0.317	4	All	0.75
RAC1	1.00517280956073	6.31303589111206e-26	1.07195349431083e-21	0.975	0.602	4	All	0.75
S100A4	1.29950718401231	1.08270756157218e-25	1.83843743954957e-21	1	0.785	4	All	0.75
PYCARD	1.08496786067134	1.90751285914977e-25	3.23895683483631e-21	0.852	0.381	4	All	0.75
PTPRE	1.00103716398492	5.05695422364812e-25	8.58670827175451e-21	0.79	0.263	4	All	0.75
S100A9	1.02523994816357	5.36654191666186e-25	9.11238817449183e-21	0.951	0.297	4	All	0.75
SAT1	1.43339238321753	8.11210771891911e-25	1.37743589067247e-20	0.951	0.58	4	All	0.75
CASP1	0.914546557291476	1.39808385666798e-24	2.37394638862223e-20	0.79	0.277	4	All	0.75
SH3BP2	0.831400396024255	1.87593927286822e-24	3.18534488533024e-20	0.753	0.241	4	All	0.75
CYBA	0.913581021338353	1.95074586999531e-24	3.31236648725204e-20	1	0.915	4	All	0.75
SH3BGRL3	0.874736704866901	2.29519570646758e-24	3.89724230958194e-20	1	0.971	4	All	0.75
VCAN	1.17657917627596	1.42108743556663e-23	2.41300646559214e-19	0.852	0.259	4	All	0.75
CARD16	0.857790376769511	7.01724315671443e-23	1.19152788801011e-18	0.889	0.394	4	All	0.75
S100A6	1.15365094632653	1.33089513098736e-22	2.25985993241653e-18	1	0.908	4	All	0.75
VAMP8	0.88067310727296	2.26460723723715e-22	3.84530308882868e-18	0.963	0.639	4	All	0.75
NEAT1	1.42249055296612	2.3048501073147e-22	3.91363548222036e-18	0.951	0.644	4	All	0.75
AL512646.1	1.01525577874528	8.76729683152957e-22	1.48868700199372e-17	1	1	4	All	0.75
MACROH2A1	0.885302049102313	1.08931827465e-21	1.8496624303557e-17	0.889	0.424	4	All	0.75
DUSP1	1.1953561497509	3.0837213011536e-21	5.23615876935881e-17	0.951	0.6	4	All	0.75
CSTB	0.873825201350714	3.56426118551194e-21	6.05211549299927e-17	0.926	0.505	4	All	0.75
CEBPB	0.996278834560931	5.88027955359765e-21	9.98471468200882e-17	0.827	0.37	4	All	0.75
OAZ1	0.703289053288204	8.30898865087147e-21	1.41086627291797e-16	1	0.949	4	All	0.75
FOS	1.22210939899875	1.85010921472568e-20	3.1414854466042e-16	0.951	0.571	4	All	0.75
LYST	0.874469117916141	2.19356694340646e-20	3.72467666990417e-16	0.765	0.287	4	All	0.75
AP2S1	0.747724940237708	3.83065631836409e-20	6.50445442858223e-16	0.926	0.453	4	All	0.75
CAPG	0.787006276665802	4.80230121828226e-20	8.15430746864328e-16	0.778	0.271	4	All	0.75
ADA2	0.824645656850679	6.31762567411054e-20	1.07273283946397e-15	0.753	0.283	4	All	0.75
C1orf162	1.031877015802	7.69369674450894e-20	1.30638970721762e-15	0.84	0.466	4	All	0.75
STXBP2	0.921612668355442	8.07902820509231e-20	1.37181898922468e-15	0.765	0.274	4	All	0.75
ATP6V0B	0.818670235285438	9.80864493778732e-20	1.66550791043629e-15	0.901	0.446	4	All	0.75
S100A10	1.01865270690189	1.63409910607069e-19	2.77470028210802e-15	0.988	0.822	4	All	0.75
TKT	0.801060545725949	1.89824953816493e-19	3.22322771580406e-15	0.963	0.612	4	All	0.75
ASAH1	0.847939635161326	3.85032045775976e-19	6.53784413727607e-15	0.778	0.33	4	All	0.75
LSP1	0.792836504567534	5.65151818039401e-19	9.59627787030903e-15	1	0.907	4	All	0.75
TCIRG1	0.780492969707127	1.32672320379893e-18	2.25277600005059e-14	0.864	0.381	4	All	0.75
BTBD9	0.763837767677153	1.62510453061035e-18	2.75942749297637e-14	1	0.774	4	All	0.75
GAPDH	0.797896682448931	1.87926142294036e-18	3.19098589615273e-14	1	0.943	4	All	0.75
ATP6V0D1	0.680931559251878	3.11112193941271e-18	5.28268505312279e-14	0.802	0.332	4	All	0.75
LCP1	0.799891993061309	3.40871187474802e-18	5.78799276332214e-14	1	0.741	4	All	0.75
VIM	0.991889914505714	6.41011985486316e-18	1.08843835135577e-13	0.988	0.833	4	All	0.75
POU2F2	0.887700276285275	6.91673904718914e-18	1.17446229021272e-13	0.827	0.37	4	All	0.75
TSPO	0.852960442233504	9.39216690187285e-18	1.59478993993801e-13	0.988	0.715	4	All	0.75
APLP2	0.836572510157613	1.05937193561351e-17	1.79881354667173e-13	0.778	0.306	4	All	0.75
PPT1	0.790095560589042	1.27163979026593e-17	2.15924436387155e-13	0.815	0.35	4	All	0.75
AHNAK	1.07470182224693	1.38790912231115e-17	2.35666968968433e-13	0.938	0.578	4	All	0.75
PRELID1	0.825745827894663	1.40773529903045e-17	2.39033453775371e-13	0.852	0.449	4	All	0.75
EHBP1L1	0.692265786695392	4.02013165574852e-17	6.82618355146099e-13	0.753	0.284	4	All	0.75
CNPY3	0.766725692488396	4.72768991737982e-17	8.02761747971093e-13	0.84	0.427	4	All	0.75
ITGB2	0.793665812389142	5.670872151323e-17	9.62914091294645e-13	0.988	0.799	4	All	0.75
VSIR	0.826555751557682	5.87756819807995e-17	9.98011080033975e-13	0.951	0.63	4	All	0.75
PLEKHO1	0.811794130101959	7.00133584486854e-17	1.18882682645868e-12	0.778	0.346	4	All	0.75
CLIC1	0.708119570697656	1.31352371557982e-16	2.23036326905453e-12	1	0.676	4	All	0.75
SAMHD1	0.95458118177875	1.61188215809996e-16	2.73697590445373e-12	0.926	0.659	4	All	0.75
FGF23	0.664280246260102	1.72444318805182e-16	2.92810453331199e-12	1	0.832	4	All	0.75
SERF2	0.539619796089883	3.3415380740708e-16	5.67393164977221e-12	1	0.991	4	All	0.75
ZYX	0.741218563122717	5.26637634292747e-16	8.94230703029084e-12	0.963	0.61	4	All	0.75
ARPC1B	0.708798602131226	5.30448579655623e-16	9.00701688255247e-12	0.901	0.577	4	All	0.75
FLNA	0.713873354790173	7.68485848997178e-16	1.30488897159721e-11	0.963	0.566	4	All	0.75
VASP	0.672411495533019	9.4070412550893e-16	1.59731560511416e-11	0.827	0.431	4	All	0.75
TMBIM4	0.584858743301507	1.96544404880862e-15	3.33732399487704e-11	0.877	0.403	4	All	0.75
IQGAP1	0.699027111506263	2.24934880804521e-15	3.81939427606076e-11	0.901	0.481	4	All	0.75
MYL6	0.547026803128016	3.79472048692161e-15	6.4434353867929e-11	1	0.949	4	All	0.75
PARVG	0.634870588667018	7.04482672581048e-15	1.19621157804262e-10	0.753	0.35	4	All	0.75
GLIPR1	0.629799479490914	1.07802626371041e-14	1.83048859578028e-10	0.79	0.366	4	All	0.75
RHOG	0.725605732001658	1.61300894550785e-14	2.73888918947233e-10	0.852	0.496	4	All	0.75
LTA4H	0.72960396562088	2.19328580777014e-14	3.7241993015937e-10	0.852	0.465	4	All	0.75
ZNF333	0.591757419425058	2.54963024998221e-14	4.32927216446979e-10	0.926	0.552	4	All	0.75
LINC00844	0.659487754716375	2.77457377585802e-14	4.71122627140693e-10	0.926	0.568	4	All	0.75
GRINA	0.576138384469783	4.32613792701496e-14	7.34578220007141e-10	0.753	0.337	4	All	0.75
FKBP1A	0.697357575880559	8.19273633108276e-14	1.39112662901785e-09	0.877	0.582	4	All	0.75
ELOB	0.587929126880657	8.99257442839373e-14	1.52693913794126e-09	0.975	0.822	4	All	0.75
ACTB	0.528099182728073	1.51282647501369e-13	2.56877935457324e-09	1	1	4	All	0.75
CLTA	0.623886453128604	1.89313080752843e-13	3.21453611118327e-09	0.753	0.395	4	All	0.75
CAPNS1	0.606952776156412	2.29294138439195e-13	3.89341447069752e-09	0.864	0.496	4	All	0.75
MT-ND4	0.566275563691927	2.3115572641907e-13	3.92502423459581e-09	1	1	4	All	0.75
MTDH	0.60289033640791	2.74654100908075e-13	4.66362663341912e-09	0.914	0.552	4	All	0.75
LAMTOR1	0.594703434531176	3.51684808880809e-13	5.97160805479614e-09	0.827	0.423	4	All	0.75
GRB2	0.636782071558247	4.08720748095526e-13	6.94007830266203e-09	0.852	0.528	4	All	0.75
TALDO1	0.663124189093848	5.71328777383781e-13	9.7011626399766e-09	0.877	0.521	4	All	0.75
TIMP1	0.638010365218128	5.73711120859976e-13	9.74161483220238e-09	0.778	0.366	4	All	0.75
H3-3A	0.590112254538285	6.10779907668248e-13	1.03710428322069e-08	1	0.904	4	All	0.75
SRGN	0.585076038857858	8.00033402719347e-13	1.35845671781745e-08	0.951	0.596	4	All	0.75
ALDOA	0.706807167982398	1.56807893923609e-12	2.66259803882288e-08	0.889	0.679	4	All	0.75
TPI1	0.630370560383134	5.22779497822459e-12	8.87679587302535e-08	0.901	0.628	4	All	0.75
COX5B	0.584464997094884	7.48373438466933e-12	1.27073809851685e-07	0.901	0.74	4	All	0.75
ARPC2	0.624713093402829	9.31857544555351e-12	1.58229411065499e-07	0.975	0.914	4	All	0.75
ARRB2	0.666069968659193	1.48244674972983e-11	2.51719458104125e-07	0.827	0.534	4	All	0.75
ARPC3	0.597267380155754	1.58117892301471e-11	2.68484181127897e-07	0.975	0.88	4	All	0.75
DYNLL1	0.555947624472028	1.71494944173912e-11	2.91198415207302e-07	0.79	0.429	4	All	0.75
PKM	0.509031359633996	1.71793438916309e-11	2.91705259279893e-07	0.938	0.773	4	All	0.75
GNG5	0.638850595314919	2.2370413479773e-11	3.79849620886545e-07	0.852	0.583	4	All	0.75
LAMTOR4	0.527698804035853	2.40877041899207e-11	4.09009217144853e-07	0.938	0.667	4	All	0.75
TPM3	0.549569456497488	3.54359243539272e-11	6.01701995529684e-07	0.975	0.875	4	All	0.75
COX8A	0.548625973025396	4.51961906158917e-11	7.6743131665784e-07	0.914	0.629	4	All	0.75
ATP5MF	0.525886067536419	5.0952392569578e-11	8.65171625831435e-07	0.889	0.643	4	All	0.75
GNB2	0.569894589779047	6.79345322120972e-11	1.15352835696141e-06	0.938	0.648	4	All	0.75
AL359976.1	0.51202972334885	7.85257274329616e-11	1.33336685181169e-06	0.815	0.457	4	All	0.75
IL17RA	0.550538670117631	9.38434874111514e-11	1.59346241624135e-06	0.79	0.424	4	All	0.75
KLF6	0.661223443857269	1.10021841878725e-10	1.86817087510076e-06	0.938	0.663	4	All	0.75
CAST	0.586508172327798	1.54243074559453e-10	2.61904740601952e-06	0.815	0.528	4	All	0.75
ACTR2	0.530916264701805	2.11733389136103e-10	3.59523294753103e-06	0.864	0.591	4	All	0.75
COX5A	0.560000180016222	3.95032084963508e-10	6.70764480268036e-06	0.827	0.496	4	All	0.75
PTPN6	0.5849899161352	3.98717430053056e-10	6.7702219623009e-06	0.889	0.646	4	All	0.75
RBX1	0.517828999455014	4.74542059520464e-10	8.05772417065748e-06	0.765	0.422	4	All	0.75
LRRFIP1	0.592943377089416	5.36920137052225e-10	9.11690392714678e-06	0.951	0.726	4	All	0.75
ZFP36	0.595543339312456	6.66569101156089e-10	1.13183433376304e-05	0.914	0.794	4	All	0.75
KAT7	0.523015070725607	2.33938620336621e-09	3.97227777331582e-05	0.815	0.532	4	All	0.75
YBX1	0.528213477426746	3.48984924779889e-09	5.92576402276252e-05	0.988	0.961	4	All	0.75
NAP1L1	0.544887450485343	5.61397741357649e-09	9.53253364825287e-05	0.827	0.545	4	All	0.75
EMP3	0.562055560729594	9.04847741178157e-09	0.000153643146452051	0.975	0.879	4	All	0.75
ARF5	0.540890663289853	1.14193603105808e-08	0.000193900738073662	0.79	0.545	4	All	0.75
FOSB	0.516917113298057	9.07938022098765e-08	0.0015416787615237	0.753	0.432	4	All	0.75
AD000090.1	0.653190502782325	6.12839292537435e-07	0.0104060111872856	1	1	4	All	0.75
IGHM	3.08321336824898	3.28498746188079e-178	5.57790871027359e-174	0.938	0	5	All	0.75
MS4A1	3.35737296069459	5.63333744399387e-174	9.56540697990158e-170	0.938	0.003	5	All	0.75
LINC00926	2.43055525703875	5.1264092265154e-157	8.70464286662314e-153	0.875	0.005	5	All	0.75
BANK1	2.39808504291979	7.37116587006465e-152	1.25162396473698e-147	0.887	0.01	5	All	0.75
FCER2	2.11840837972097	1.51061132628227e-146	2.56501803202729e-142	0.825	0.005	5	All	0.75
CD79A	3.40890121107487	3.80972598387533e-146	6.46891472062031e-142	0.963	0.028	5	All	0.75
NIBAN3	2.0451415203176	6.95742636984915e-143	1.18137099760039e-138	0.887	0.016	5	All	0.75
HLA-DQA2	1.69257760036812	2.54903034900292e-116	4.32825353260695e-112	0.838	0.028	5	All	0.75
RALGPS2	1.72255764617871	2.04656661891735e-109	3.47507011892166e-105	0.875	0.045	5	All	0.75
CD79B	2.18069292551509	2.9380485720534e-99	4.98880647534667e-95	0.925	0.077	5	All	0.75
HLA-DQB1	2.09318950103608	3.32504493127944e-96	5.64592629331248e-92	0.975	0.093	5	All	0.75
HLA-DQA1	1.35441527686475	1.23418730906031e-95	2.0956500507844e-91	0.762	0.034	5	All	0.75
AFF3	1.51938146548785	5.88341259651595e-81	9.99003458888408e-77	0.812	0.072	5	All	0.75
HVCN1	1.89522780186927	2.78908412207692e-69	4.73586483928662e-65	0.9	0.142	5	All	0.75
HLA-DRB5	2.40720498344776	3.74829670191116e-68	6.36460779984514e-64	1	0.218	5	All	0.75
HLA-DMA	1.57702836881979	1.87147529344635e-60	3.1777650482719e-56	0.975	0.193	5	All	0.75
HLA-DRA	2.92467061628829	1.26895993723877e-59	2.15469397343144e-55	1	0.315	5	All	0.75
IRF8	1.41069422437616	2.75969386500097e-59	4.68596018277165e-55	0.787	0.101	5	All	0.75
MEF2C	1.6855271524161	1.2007452988778e-56	2.0388655174945e-52	0.938	0.19	5	All	0.75
HLA-DPB1	1.69651179399385	1.70770095193419e-55	2.89967621638426e-51	1	0.267	5	All	0.75
HLA-DPA1	2.14941637786158	2.17392120451636e-55	3.69131820526878e-51	1	0.314	5	All	0.75
BCL11A	1.28891796253091	1.49722576712337e-49	2.54228935257548e-45	0.775	0.13	5	All	0.75
CD74	3.69671421433794	6.89567919403403e-48	1.17088632714698e-43	1	0.863	5	All	0.75
CD37	2.04107125170686	1.12792923399621e-41	1.91522383932556e-37	1	0.932	5	All	0.75
SNX2	1.27467581226919	1.89018813940801e-39	3.20953946071481e-35	0.9	0.279	5	All	0.75
HLA-DRB1	1.16020711188349	4.09724368374369e-37	6.95711977499678e-33	0.9	0.23	5	All	0.75
NAPSB	1.04371204777965	7.00660618529784e-35	1.18972173026357e-30	0.825	0.19	5	All	0.75
PRKCB	0.915841477509315	1.11276742681159e-22	1.88947909072608e-18	0.875	0.411	5	All	0.75
FCMR	1.31707695094364	3.62529207550651e-22	6.15574594421005e-18	0.912	0.516	5	All	0.75
CD52	0.807202998118939	1.99322142845536e-18	3.38448998551721e-14	0.988	0.952	5	All	0.75
EZR	0.918248226128601	3.85912851557027e-17	6.55280021943831e-13	0.825	0.419	5	All	0.75
LTB	0.906947449465234	7.17833326586465e-17	1.21888098854382e-12	0.975	0.733	5	All	0.75
LAPTM5	0.74526455007451	1.09885742716967e-16	1.8658599113341e-12	0.988	0.957	5	All	0.75
SNX3	0.88048256678319	1.72278183771303e-15	2.92528356043673e-11	0.838	0.531	5	All	0.75
POLD4	0.754239682197088	1.55195565504135e-13	2.63522070226022e-09	0.775	0.417	5	All	0.75
MT-ND4L	0.638809307642127	3.0639522747133e-13	5.20259096246318e-09	1	0.965	5	All	0.75
SP100	0.735167310746661	3.18564058234086e-13	5.40921770881477e-09	0.825	0.492	5	All	0.75
RPL18A	0.529252407296819	4.63051355812692e-13	7.86261202169951e-09	1	0.999	5	All	0.75
SEC62	0.672897368258768	1.58123357291522e-12	2.68493460681005e-08	0.863	0.523	5	All	0.75
POU2F2	0.550408867027647	3.46499686739986e-12	5.88356468084496e-08	0.787	0.375	5	All	0.75
SELL	0.747731046897273	1.48611220372716e-11	2.52341852192872e-07	0.95	0.726	5	All	0.75
BTG1	0.687957687020429	1.67200509946168e-11	2.83906465888593e-07	0.95	0.945	5	All	0.75
CD81	0.667779363878769	5.38076474849481e-11	9.13653854294419e-07	0.775	0.477	5	All	0.75
FOXP1	0.773930536876291	5.79337009533131e-11	9.83714242187256e-07	0.787	0.532	5	All	0.75
ZFP36L1	0.710834660626852	7.64545231194385e-11	1.29819780256807e-06	0.9	0.773	5	All	0.75
TAGLN2	0.54871989487973	3.94536812564705e-10	6.69923507734869e-06	0.938	0.782	5	All	0.75
LIMD2	0.560331827969669	6.71032146395889e-10	1.13941258458022e-05	0.975	0.936	5	All	0.75
PTPN6	0.733996585040915	1.25253408223322e-09	2.126802871632e-05	0.9	0.646	5	All	0.75
RCSD1	0.61690292472186	1.86466572993716e-09	3.16620240943329e-05	0.775	0.485	5	All	0.75
CD53	0.614390274938824	5.9092339614282e-09	0.000100338792665051	0.85	0.622	5	All	0.75
SMAP2	0.542000799714367	6.05754169387964e-09	0.000102857057962076	0.925	0.707	5	All	0.75
GDI2	0.544404334074973	3.29309411420699e-08	0.000559167380592347	0.863	0.586	5	All	0.75
UCP2	0.616274233054924	4.89770836419595e-08	0.000831630880240472	0.863	0.681	5	All	0.75
CCL5	3.371243974462	7.89905647899731e-59	1.34125979013374e-54	1	0.1	6	All	0.75
NKG7	1.9630418012536	1.01982792143964e-32	1.73166781060451e-28	0.806	0.105	6	All	0.75
CD8A	1.67221509276063	2.38570540118587e-32	4.0509277712136e-28	0.861	0.133	6	All	0.75
CD8B	1.55426570349824	6.36471013092132e-31	1.08072778023044e-26	0.833	0.117	6	All	0.75
CTSW	1.46829248038839	7.67083258787902e-22	1.30250737342186e-17	0.972	0.289	6	All	0.75
IL32	1.30971526170934	4.342634662247e-14	7.37379365649541e-10	1	0.628	6	All	0.75
B2M	0.852604544351009	2.91822740495875e-13	4.95515013361995e-09	1	1	6	All	0.75
CD3D	0.991463568103564	1.2706596719397e-12	2.15758012295362e-08	0.972	0.511	6	All	0.75
CD2	1.01062718068835	2.43573336301339e-10	4.13587525039673e-06	0.833	0.38	6	All	0.75
PRKCH	0.771656902048331	1.8437553563555e-09	3.13069659509165e-05	0.778	0.35	6	All	0.75
PLAAT4	0.901129889013971	1.90052549411111e-09	3.22709228900066e-05	0.889	0.471	6	All	0.75
HLA-A	0.683193944825806	3.37243276325611e-09	5.72639083200888e-05	1	0.971	6	All	0.75
HLA-E	0.552347835635507	9.46540077105464e-09	0.000160722505092508	1	0.976	6	All	0.75
CD81	0.773624064745055	2.00710928144546e-08	0.000340807155989439	0.861	0.489	6	All	0.75
CD3E	0.818756433163728	2.2657618612566e-08	0.000384726364041371	1	0.593	6	All	0.75
HLA-C	0.665786716315914	3.43664409431798e-08	0.000583542167215193	1	0.956	6	All	0.75
SLC9A3R1	0.804970301612399	6.22748280198925e-08	0.00105742657977777	0.861	0.452	6	All	0.75
PTPRCAP	0.645775721827804	2.20032770325398e-07	0.00373615644012526	0.806	0.41	6	All	0.75
ZAP70	0.690776620790373	2.3704068582266e-07	0.00402495084526877	0.806	0.406	6	All	0.75
HCST	0.846791748151489	3.4496532223093e-07	0.00585751117148119	0.889	0.682	6	All	0.75
CD3G	0.795326497453559	6.56333113910686e-07	0.0111445362742035	0.806	0.46	6	All	0.75
LCK	0.602289058006643	2.28971561423819e-06	0.0388793711297645	0.889	0.509	6	All	0.75
ARL4C	0.786563120452552	2.67989605982807e-06	0.0455046350958806	0.833	0.505	6	All	0.75
GZMK	2.09811293518265	5.40431446670259e-77	9.176525964461e-73	0.829	0.033	7	All	0.75
GZMA	1.70705429883824	3.17496711329067e-59	5.39109415836755e-55	0.943	0.067	7	All	0.75
KLRB1	2.98277909568264	2.50289956211345e-57	4.24992345646863e-53	0.943	0.091	7	All	0.75
KLRG1	1.60812407890504	6.71753460660832e-48	1.14063737620209e-43	0.914	0.098	7	All	0.75
CST7	1.42771808067535	1.4768235473564e-47	2.50764638341117e-43	0.914	0.085	7	All	0.75
NKG7	1.5689433565052	7.9970008055263e-45	1.35789073677837e-40	0.943	0.1	7	All	0.75
NCR3	1.35513460770764	3.18397651978366e-39	5.40639213059266e-35	0.771	0.082	7	All	0.75
MATK	1.02693456507675	2.05091063008815e-36	3.48244624988967e-32	0.857	0.106	7	All	0.75
CCL5	1.59338723854523	1.03458191077424e-32	1.75672008449465e-28	0.857	0.107	7	All	0.75
PRF1	1.25125602095429	4.06546193295258e-31	6.90315436215347e-27	0.857	0.132	7	All	0.75
CTSW	1.46525372744367	4.51124483571426e-22	7.66009373104282e-18	0.971	0.29	7	All	0.75
IL32	1.60452623603654	2.38787672137153e-18	4.05461467288886e-14	1	0.629	7	All	0.75
ARL4C	1.18686585552111	4.74860962025939e-15	8.06313913520044e-11	0.971	0.5	7	All	0.75
IL7R	1.46740927828058	1.90811661906764e-14	3.23998201917685e-10	1	0.543	7	All	0.75
AQP3	1.11884370284439	5.02709988879224e-14	8.53601561116923e-10	0.857	0.286	7	All	0.75
B2M	0.688001727759631	3.69589536651561e-12	6.27563033234351e-08	1	1	7	All	0.75
PAXX	0.973086674736983	4.93500194812183e-12	8.37963330791086e-08	0.914	0.494	7	All	0.75
CALM1	0.841759189235506	5.53432630838302e-12	9.39728607163437e-08	1	0.94	7	All	0.75
ALOX5AP	0.684616909718489	4.28763761379812e-10	7.28040866822921e-06	0.8	0.3	7	All	0.75
CD81	0.828845587317095	8.76138121805944e-10	1.48768253082649e-05	0.914	0.487	7	All	0.75
TC2N	0.707388914412257	1.21231867999016e-09	2.05851711862329e-05	0.829	0.357	7	All	0.75
MT-CYB	0.615911404471856	1.32230403278166e-08	0.000224527224766326	1	1	7	All	0.75
TTC39C	0.511604711943621	4.2492891912377e-08	0.000721529304672162	0.771	0.3	7	All	0.75
MT-ND4L	0.598073301392396	6.96739756473654e-08	0.00118306410649226	1	0.967	7	All	0.75
RPLP0	0.573664080175185	1.23548511285275e-07	0.00209785372162398	1	0.998	7	All	0.75
HCST	0.710871964577194	3.02589888730765e-07	0.00513797631064839	0.943	0.68	7	All	0.75
SPOCK2	0.626857096576453	4.96844971731821e-07	0.00843642762000632	0.8	0.401	7	All	0.75
FYN	0.614215579821834	8.17024549757802e-07	0.0138730768548875	0.886	0.511	7	All	0.75
SLC9A3R1	0.526583569225096	1.59424284062188e-06	0.0270702434337596	0.829	0.453	7	All	0.75
GUK1	0.54291496271872	1.80997514268848e-06	0.0307333779228504	0.943	0.6	7	All	0.75
PTPRCAP	0.550045185281217	1.87181988603261e-06	0.0317835016648337	0.771	0.412	7	All	0.75
HSPA5	0.7191162189499	2.65881644803282e-06	0.0451467032875973	0.771	0.436	7	All	0.75
MT-ND5	0.553344220298302	2.89711749842583e-06	0.0491930551232707	1	0.999	7	All	0.75
SH2D1B	1.53915881110803	6.7410065724705e-149	1.14462291600549e-144	0.781	0	8	All	0.75
GZMB	3.27815318331764	4.59667960966837e-145	7.80516197721689e-141	0.938	0.008	8	All	0.75
KLRF1	1.80482192164527	6.02197291780098e-134	1.02253100144261e-129	0.812	0.005	8	All	0.75
FGFBP2	2.89515526872893	1.87234164515214e-121	3.17923611346834e-117	0.844	0.011	8	All	0.75
GNLY	5.89459158574555	3.03563979157261e-120	5.15451636609029e-116	0.969	0.021	8	All	0.75
FCGR3A	2.2308437279542	9.10873381768393e-105	1.54666300224273e-100	0.844	0.017	8	All	0.75
TBX21	2.10434385753294	1.45632348277939e-101	2.47283727375941e-97	0.906	0.025	8	All	0.75
SPON2	3.19199011942314	1.88963868787132e-84	3.2086064920055e-80	0.906	0.039	8	All	0.75
KLRD1	2.362149834348	1.95876971473822e-75	3.32599097562549e-71	0.938	0.051	8	All	0.75
CLIC3	2.6596937706084	2.1044399766099e-75	3.57333908028362e-71	0.875	0.043	8	All	0.75
GZMA	3.17174910169679	7.04342308521768e-68	1.19597323986996e-63	0.969	0.069	8	All	0.75
CST7	3.22155625228081	3.16167217433848e-63	5.36851935202675e-59	1	0.084	8	All	0.75
IL2RB	2.15302579586399	2.03455132357921e-62	3.45466814743749e-58	0.906	0.065	8	All	0.75
NKG7	4.51503840810578	3.92603541975037e-58	6.66640814273613e-54	1	0.101	8	All	0.75
HOPX	2.36633096657793	9.65398703601933e-49	1.63924699871608e-44	0.906	0.095	8	All	0.75
PRF1	3.48094196059095	4.7006524736897e-47	7.98170790032511e-43	0.969	0.131	8	All	0.75
KLRB1	1.98115128079261	1.39453224524956e-45	2.36791575243375e-41	0.938	0.094	8	All	0.75
CX3CR1	2.27867665757625	1.03819156757449e-39	1.76284928174149e-35	0.844	0.102	8	All	0.75
CCL5	2.62660686405579	1.26961725041434e-36	2.15581009120355e-32	0.875	0.109	8	All	0.75
CTSW	2.88244646040493	4.72128198944598e-30	8.01673681807927e-26	1	0.291	8	All	0.75
CD300A	1.3602249249139	2.08878295370119e-28	3.54675345538463e-24	0.812	0.128	8	All	0.75
ABI3	1.30185436212734	6.39055806485975e-27	1.08511675941319e-22	0.844	0.153	8	All	0.75
APMAP	1.47728939901713	6.15025371303273e-24	1.04431308047296e-19	0.781	0.162	8	All	0.75
CD247	1.91206055887329	1.02040716741726e-22	1.7326513702745e-18	1	0.448	8	All	0.75
PLEK	1.50705790886694	5.87937146804441e-20	9.9831727527394e-16	0.938	0.271	8	All	0.75
IFITM1	1.86008456056595	9.99057579429831e-20	1.69639976987185e-15	1	0.674	8	All	0.75
EFHD2	1.80389258595658	6.25998731466501e-19	1.06294584603012e-14	0.969	0.451	8	All	0.75
SRGN	1.62463332467138	7.03398777319045e-19	1.19437112388774e-14	1	0.615	8	All	0.75
PFN1	1.50486739829582	9.07047890826074e-19	1.54016731862267e-14	1	0.998	8	All	0.75
DHRS7	1.19460262247465	1.07201618585455e-18	1.82028348358103e-14	0.969	0.371	8	All	0.75
B2M	1.15025940960977	3.02048369440898e-18	5.12878131310645e-14	1	1	8	All	0.75
CD7	1.86709684954372	3.24700031228828e-17	5.5134065302655e-13	1	0.51	8	All	0.75
TGFB1	1.24711804728051	4.42880899760626e-17	7.52011767793542e-13	1	0.791	8	All	0.75
XBP1	1.40710977074828	7.63588331348421e-17	1.29657298662962e-12	0.938	0.369	8	All	0.75
HCST	1.49890959367389	2.70491457345555e-16	4.59294494572752e-12	1	0.679	8	All	0.75
GZMM	1.37449370897214	1.03131249025311e-15	1.75116860844978e-11	0.875	0.317	8	All	0.75
ITGB2	1.46611074063971	2.51093930424702e-15	4.26357493861143e-11	1	0.81	8	All	0.75
SPN	1.22894014352952	4.45888253130232e-15	7.57118253815134e-11	0.844	0.323	8	All	0.75
FCER1G	1.41727963958761	1.29450341382691e-14	2.1980667966781e-10	0.938	0.337	8	All	0.75
CALM1	1.15686871500429	3.63985227398143e-14	6.18046916122046e-10	1	0.941	8	All	0.75
CLIC1	1.34036196242132	3.67304544450754e-14	6.2368311647738e-10	1	0.694	8	All	0.75
CFL1	1.09410811208204	4.4788420995271e-14	7.60507388499701e-10	1	0.989	8	All	0.75
IFITM2	1.52575984488463	8.8645231644637e-14	1.50519603332594e-09	0.844	0.44	8	All	0.75
LITAF	1.35058684671679	9.65445664958758e-14	1.63932673909997e-09	0.875	0.53	8	All	0.75
RAP1B	1.2974065788677	1.95255555210391e-13	3.31543932747243e-09	0.969	0.678	8	All	0.75
CYBA	1.22467145780114	3.96093228895785e-13	6.72566302665043e-09	1	0.92	8	All	0.75
UBB	0.975020416317792	5.27347869088576e-13	8.95436681712402e-09	0.969	0.731	8	All	0.75
CD99	1.12253026876518	5.48946525163496e-13	9.32111199727617e-09	0.969	0.678	8	All	0.75
ARPC5L	0.912382111888922	7.32445222024704e-13	1.24369198699795e-08	0.781	0.256	8	All	0.75
MYL12A	1.14285305060671	8.61985727604e-13	1.46365176547159e-08	1	0.944	8	All	0.75
MAPRE2	0.867488080871948	1.24249979855956e-12	2.10976465795413e-08	0.844	0.291	8	All	0.75
ABHD17A	1.50769067716335	2.03489146881081e-12	3.45524571404075e-08	0.875	0.471	8	All	0.75
ARL4C	1.31230471882724	2.0636736201415e-12	3.50411780700026e-08	0.906	0.504	8	All	0.75
MBP	0.980358071547163	2.30947428570361e-12	3.92148733712473e-08	0.938	0.424	8	All	0.75
CTSC	1.160543765148	2.31816137382983e-12	3.93623801276306e-08	0.844	0.359	8	All	0.75
CD81	1.09857801184161	3.26545041825441e-12	5.54473481019598e-08	0.938	0.488	8	All	0.75
ID2	1.04693522474551	3.29539768930134e-12	5.59558527643367e-08	0.781	0.266	8	All	0.75
MYL12B	0.877058232322719	4.4104624869941e-12	7.48896530291598e-08	1	0.82	8	All	0.75
CCND3	1.05843086358334	4.85118450371548e-12	8.23731128730889e-08	0.969	0.693	8	All	0.75
ZAP70	1.10246930224089	4.99027350299366e-12	8.47348440808323e-08	0.906	0.404	8	All	0.75
SLC9A3R1	1.27337136099516	5.483318677881e-12	9.31067511504194e-08	0.844	0.454	8	All	0.75
RAC2	1.08904566290213	1.81402206745193e-11	3.08020947053337e-07	0.969	0.86	8	All	0.75
PLAC8	0.998971095850204	4.19580019111656e-11	7.12446872451592e-07	0.812	0.354	8	All	0.75
CDK2AP2	0.789025452444868	6.16757036479045e-11	1.04725344794142e-06	0.812	0.325	8	All	0.75
PLAAT4	1.13729358819666	8.7142260169674e-11	1.47967557768106e-06	0.875	0.473	8	All	0.75
IFITM3	1.05619090188545	9.78203537953195e-11	1.66098960744452e-06	0.844	0.386	8	All	0.75
ADGRE5	0.934142160304678	2.9604807617672e-10	5.02689633348071e-06	0.906	0.471	8	All	0.75
HLA-B	0.70979108795024	3.49578388573703e-10	5.93584103798148e-06	1	0.99	8	All	0.75
SKAP1	0.833318940893303	5.48053551223505e-10	9.30594929977512e-06	0.844	0.356	8	All	0.75
TYROBP	1.03195370301952	7.80362361239302e-10	1.32505528938433e-05	1	0.359	8	All	0.75
ARPC2	0.82582275893595	1.41779366229855e-09	2.40741363858293e-05	0.969	0.918	8	All	0.75
ANXA6	0.949641676194626	2.14829876946737e-09	3.64781131055559e-05	0.938	0.606	8	All	0.75
PSME1	0.828108174696965	2.66156183517766e-09	4.51933199613167e-05	0.969	0.851	8	All	0.75
CD53	0.821740587289508	2.82788170643838e-09	4.80174313753237e-05	0.969	0.63	8	All	0.75
TMSB4X	0.554868289463032	3.48290004867326e-09	5.9139642826472e-05	1	1	8	All	0.75
PPIB	1.0850240607336	3.6384201977242e-09	6.17803749573569e-05	0.906	0.754	8	All	0.75
HLA-C	0.800832108740708	4.51119694322182e-09	7.66001240959065e-05	1	0.956	8	All	0.75
JAK1	1.10798283680902	4.70115896011036e-09	7.9825679142674e-05	0.906	0.717	8	All	0.75
BSG	0.722417012392444	7.69646455510311e-09	0.000130685968145651	0.844	0.42	8	All	0.75
ACTB	0.72923321160795	1.33834742071406e-08	0.000227251392037247	1	1	8	All	0.75
FYN	0.874076357762052	1.56163427287983e-08	0.000265165499534995	0.875	0.512	8	All	0.75
FAM49B	0.926381769925516	1.80350077835323e-08	0.000306234432164379	0.844	0.477	8	All	0.75
DBI	0.886296906472451	2.16055209610051e-08	0.000366861745917867	0.844	0.51	8	All	0.75
PSME2	0.809071394646626	2.81120198021881e-08	0.000477342096241154	0.906	0.558	8	All	0.75
PRDX5	0.875926369402877	5.34949855813613e-08	0.000908344855171516	0.844	0.497	8	All	0.75
PDIA3	1.03669516520361	5.70314628406853e-08	0.000968394239034836	0.812	0.581	8	All	0.75
PPP1R18	0.826993302643888	5.80103784366201e-08	0.00098501622585381	0.906	0.529	8	All	0.75
LY6E	0.860641742894335	6.85352382206909e-08	0.00116372834498733	0.938	0.597	8	All	0.75
HLA-E	0.766639865350512	8.91287111279759e-08	0.00151340551495303	1	0.976	8	All	0.75
PPP1CA	0.822211488534578	1.00386171506085e-07	0.00170455719217333	0.875	0.665	8	All	0.75
DENND2D	0.974371310705134	1.67340781876539e-07	0.00284144647626363	0.781	0.396	8	All	0.75
TBCB	0.631766862838716	2.49051908257261e-07	0.0042289014022083	0.812	0.4	8	All	0.75
EVL	0.817551625034986	3.60180103201347e-07	0.00611585815235888	0.938	0.7	8	All	0.75
RNF213	0.869758162903926	4.58583694894132e-07	0.00778675113930236	0.844	0.57	8	All	0.75
RBBP4	0.721538707832578	4.80733708768312e-07	0.00816285837488593	0.781	0.385	8	All	0.75
ACTG1	0.6967159013105	6.62098394236713e-07	0.0112424307341394	1	0.992	8	All	0.75
SEPTIN7	0.767036174849413	7.01729493377066e-07	0.0119153667975426	0.875	0.636	8	All	0.75
CORO1A	0.638617449095404	8.73100741097408e-07	0.014825250583834	1	0.982	8	All	0.75
FGR	0.594946589293778	1.00132092027199e-06	0.0170024292262184	0.781	0.31	8	All	0.75
HLA-A	0.661064263174914	1.82752623854339e-06	0.0310313955304668	1	0.971	8	All	0.75
HSP90B1	0.675874426455414	2.05734506236362e-06	0.0349337191589343	0.906	0.654	8	All	0.75
SUN2	0.783699604938314	2.07437307358345e-06	0.035222854789447	0.906	0.583	8	All	0.75
