genes	avg_log2FC	p_val	adj.P.Val	pct.1	pct.2	tested_cluster	control_cluster	min.pct
TCF7	1,42188905020327	0	0	0,927	0,296	0	All	0,75
LEF1	1,34740785673772	0	0	0,929	0,284	0	All	0,75
CCR7	1,1858928614791	0	0	0,906	0,319	0	All	0,75
CD3E	1,09447592276799	0	0	0,975	0,373	0	All	0,75
SARAF	1,03829981137466	0	0	0,942	0,416	0	All	0,75
C12orf57	1,00574585223127	0	0	0,841	0,347	0	All	0,75
NOSIP	0,90714742977204	0	0	0,757	0,297	0	All	0,75
RPS27	0,895377263962504	0	0	0,978	0,485	0	All	0,75
RPS3A	0,880317796206515	0	0	0,973	0,429	0	All	0,75
LINC00861	0,87657114047353	0	0	0,8	0,32	0	All	0,75
RPS12	0,873118476428634	0	0	0,992	0,43	0	All	0,75
RPL30	0,871013616107323	0	0	0,991	0,444	0	All	0,75
CD3D	0,870726253280934	0	0	0,771	0,304	0	All	0,75
SELL	0,870584564003173	0	0	0,843	0,404	0	All	0,75
PIK3IP1	0,8588156291442	0	0	0,783	0,315	0	All	0,75
RPS15A	0,852679790178601	0	0	0,989	0,443	0	All	0,75
RPS25	0,843680709081812	0	0	0,977	0,459	0	All	0,75
RPS27A	0,841133127281741	0	0	0,977	0,447	0	All	0,75
RPL32	0,831183747530379	0	0	0,99	0,435	0	All	0,75
EEF1B2	0,826222927493939	0	0	0,944	0,437	0	All	0,75
IL7R	0,826028970069532	0	0	0,838	0,328	0	All	0,75
GIMAP7	0,804330148988075	0	0	0,871	0,488	0	All	0,75
RPS5	0,801517393751352	0	0	0,971	0,475	0	All	0,75
RPS3	0,797231153394882	0	0	0,987	0,472	0	All	0,75
NPM1	0,792460178910651	0	0	0,858	0,398	0	All	0,75
RPL3	0,755258675083959	0	0	0,956	0,483	0	All	0,75
CD3G	0,754672822973856	0	0	0,824	0,331	0	All	0,75
RPL10	0,740810891902503	0	0	0,974	0,464	0	All	0,75
CD27	0,737144472920818	0	0	0,771	0,291	0	All	0,75
RPS29	0,713929712794026	0	0	0,94	0,479	0	All	0,75
RPS6	0,686388474069623	0	0	0,925	0,447	0	All	0,75
RPS18	0,676260546377052	0	0	0,948	0,463	0	All	0,75
RPL13	0,663907116933285	0	0	0,973	0,467	0	All	0,75
RPS8	0,655763706103387	0	0	0,935	0,439	0	All	0,75
RPL10A	0,639262581393653	0	0	0,92	0,464	0	All	0,75
TPT1	0,567957685817092	0	0	0,83	0,452	0	All	0,75
RPL41	0,503125537210732	0	0	0,936	0,472	0	All	0,75
ETS1	0,864039981855112	6,18852197238757e-303	1,85655659171627e-299	0,754	0,357	0	All	0,75
TLE5	0,705013543080309	7,88854063751866e-303	2,3665621912556e-299	0,875	0,452	0	All	0,75
LCK	0,673437263396738	1,18056740470166e-299	3,54170221410498e-296	0,868	0,403	0	All	0,75
IFITM1	0,71331397699073	3,96604803543436e-299	1,18981441063031e-295	0,92	0,403	0	All	0,75
CD247	0,517133146918106	4,67590370898354e-269	1,40277111269506e-265	0,781	0,336	0	All	0,75
RPSA	0,642530661428649	7,49076688196105e-266	2,24723006458832e-262	0,939	0,499	0	All	0,75
LTB	0,594236493460068	4,68379125808194e-246	1,40513737742458e-242	0,903	0,438	0	All	0,75
EVL	0,628003683998193	4,89423956706129e-243	1,46827187011839e-239	0,76	0,397	0	All	0,75
MALAT1	0,589178030127895	1,63830120624604e-239	4,91490361873811e-236	0,802	0,47	0	All	0,75
RGS10	0,552692571082682	1,58136708760836e-228	4,74410126282507e-225	0,81	0,47	0	All	0,75
LBH	0,619981594622933	1,23171564628211e-226	3,69514693884634e-223	0,775	0,395	0	All	0,75
GYPC	0,632021246656401	4,95745232930701e-221	1,4872356987921e-217	0,795	0,459	0	All	0,75
FCMR	0,564308567980946	1,10397345936052e-216	3,31192037808156e-213	0,823	0,437	0	All	0,75
HSPA8	0,552133854062482	4,28069173737238e-209	1,28420752121171e-205	0,817	0,457	0	All	0,75
KLF2	0,508213847748024	5,02716109440323e-176	1,50814832832097e-172	0,804	0,504	0	All	0,75
S100A9	3,00013879520915	0	0	0,995	0,164	1	All	0,75
LYZ	2,7203910416866	0	0	0,998	0,177	1	All	0,75
VCAN	2,43105256639096	0	0	0,966	0,153	1	All	0,75
FCN1	2,41716769508104	0	0	0,995	0,164	1	All	0,75
FOS	2,17381471490477	0	0	0,991	0,263	1	All	0,75
CST3	2,15756326981988	0	0	1	0,19	1	All	0,75
TYROBP	2,11358644450118	0	0	0,999	0,237	1	All	0,75
S100A8	2,04456726065994	0	0	0,992	0,156	1	All	0,75
MNDA	2,01970671467073	0	0	0,988	0,178	1	All	0,75
CTSS	1,96710944324045	0	0	0,994	0,259	1	All	0,75
FTL	1,93588402995173	0	0	1	0,216	1	All	0,75
PSAP	1,9114560899049	0	0	0,988	0,279	1	All	0,75
S100A12	1,89332432941197	0	0	0,914	0,151	1	All	0,75
LGALS1	1,87313260707143	0	0	0,988	0,264	1	All	0,75
AIF1	1,80733902227363	0	0	0,993	0,266	1	All	0,75
GPX1	1,80149002315936	0	0	0,994	0,309	1	All	0,75
SPI1	1,79291530248304	0	0	0,99	0,208	1	All	0,75
CD36	1,77614723045527	0	0	0,927	0,131	1	All	0,75
CEBPD	1,76945178045291	0	0	0,98	0,242	1	All	0,75
S100A6	1,76150207413957	0	0	0,999	0,277	1	All	0,75
TYMP	1,76142528380515	0	0	0,978	0,26	1	All	0,75
CD14	1,7578473288031	0	0	0,919	0,127	1	All	0,75
SERPINA1	1,73311520976585	0	0	0,963	0,14	1	All	0,75
NEAT1	1,73182146680115	0	0	0,983	0,331	1	All	0,75
DUSP1	1,668356130808	0	0	0,942	0,313	1	All	0,75
MS4A6A	1,66186748697271	0	0	0,926	0,121	1	All	0,75
S100A11	1,65376003791079	0	0	0,991	0,318	1	All	0,75
GSTP1	1,6266632428743	0	0	0,978	0,319	1	All	0,75
TNFAIP2	1,62594841880547	0	0	0,926	0,128	1	All	0,75
GRN	1,60294602010682	0	0	0,955	0,219	1	All	0,75
AHNAK	1,59700390596484	0	0	0,955	0,386	1	All	0,75
CYBB	1,58742570997837	0	0	0,959	0,213	1	All	0,75
S100A4	1,58383733254214	0	0	1	0,39	1	All	0,75
LST1	1,57195748145197	0	0	0,983	0,207	1	All	0,75
FCER1G	1,57019748006161	0	0	0,979	0,223	1	All	0,75
COTL1	1,51294854430107	0	0	0,986	0,352	1	All	0,75
SAT1	1,4902832336507	0	0	0,923	0,27	1	All	0,75
LGALS2	1,48176494986084	0	0	0,809	0,081	1	All	0,75
S100A10	1,4594543777647	0	0	0,955	0,355	1	All	0,75
CSF3R	1,45177745408438	0	0	0,928	0,132	1	All	0,75
APLP2	1,44699764017726	0	0	0,936	0,25	1	All	0,75
LGALS3	1,44351237064035	0	0	0,924	0,182	1	All	0,75
CSTA	1,42741587286262	0	0	0,928	0,137	1	All	0,75
NCF2	1,41605586180004	0	0	0,902	0,126	1	All	0,75
TSPO	1,40238229272917	0	0	0,972	0,347	1	All	0,75
VIM	1,38630003793992	0	0	0,955	0,408	1	All	0,75
FGR	1,38166793593065	0	0	0,94	0,21	1	All	0,75
FPR1	1,37244596111241	0	0	0,839	0,112	1	All	0,75
CFD	1,36616514624191	0	0	0,895	0,14	1	All	0,75
BRI3	1,36515873935788	0	0	0,965	0,398	1	All	0,75
AL512646.1	1,3541507871146	0	0	0,998	0,198	1	All	0,75
ANXA2	1,33130589649962	0	0	0,946	0,311	1	All	0,75
DUSP6	1,32984373007449	0	0	0,776	0,105	1	All	0,75
ZEB2	1,32162779345173	0	0	0,88	0,206	1	All	0,75
LRP1	1,31986698247069	0	0	0,827	0,105	1	All	0,75
LILRB2	1,30548391684564	0	0	0,867	0,119	1	All	0,75
MPEG1	1,28556876306387	0	0	0,875	0,138	1	All	0,75
BLVRB	1,28551545143121	0	0	0,867	0,176	1	All	0,75
FTH1	1,27313852318925	0	0	0,95	0,306	1	All	0,75
FGL2	1,24365270530175	0	0	0,839	0,139	1	All	0,75
TKT	1,23629967672611	0	0	0,891	0,282	1	All	0,75
ANXA5	1,23160731525951	0	0	0,914	0,274	1	All	0,75
KCTD12	1,23065828377808	0	0	0,807	0,104	1	All	0,75
HCK	1,22296359404333	0	0	0,846	0,123	1	All	0,75
AC020916.1	1,21685556573123	0	0	0,835	0,168	1	All	0,75
TALDO1	1,21416026557506	0	0	0,96	0,482	1	All	0,75
IGSF6	1,2073764672897	0	0	0,789	0,104	1	All	0,75
AP1S2	1,19743891030197	0	0	0,897	0,291	1	All	0,75
RNF130	1,18798701978842	0	0	0,905	0,244	1	All	0,75
KLF4	1,18783637506878	0	0	0,792	0,11	1	All	0,75
CTSB	1,16648060076248	0	0	0,876	0,294	1	All	0,75
FCGRT	1,1616222451456	0	0	0,9	0,266	1	All	0,75
CTSZ	1,15651937422213	0	0	0,897	0,269	1	All	0,75
STXBP2	1,15045599039384	0	0	0,833	0,199	1	All	0,75
PYCARD	1,14118247002469	0	0	0,926	0,327	1	All	0,75
FOSB	1,13420822438941	0	0	0,842	0,293	1	All	0,75
GAPDH	1,12293196735852	0	0	0,962	0,438	1	All	0,75
CAPG	1,12199659343633	0	0	0,838	0,204	1	All	0,75
MYO1F	1,11213680753044	0	0	0,89	0,247	1	All	0,75
TIMP2	1,10665278529883	0	0	0,792	0,127	1	All	0,75
ITGB2	1,09597771836394	0	0	0,928	0,402	1	All	0,75
PTPRE	1,0894877585841	0	0	0,827	0,199	1	All	0,75
JAML	1,08669999813438	0	0	0,869	0,262	1	All	0,75
SH3BGRL3	1,0793449458396	0	0	0,968	0,383	1	All	0,75
GABARAP	1,06732005889225	0	0	0,932	0,357	1	All	0,75
CTSD	1,06698932597024	0	0	0,792	0,145	1	All	0,75
TNFRSF1B	1,04338947079702	0	0	0,834	0,244	1	All	0,75
NPC2	1,03934658390222	0	0	0,891	0,346	1	All	0,75
PGD	1,03139245550801	0	0	0,822	0,236	1	All	0,75
HLA-DRB1	1,02359322229926	0	0	0,838	0,222	1	All	0,75
CLEC7A	1,02059976575804	0	0	0,751	0,099	1	All	0,75
OAZ1	1,0069475117135	0	0	0,98	0,45	1	All	0,75
EFHD2	1,00366341387121	0	0	0,928	0,348	1	All	0,75
LYST	0,998541212559092	0	0	0,812	0,231	1	All	0,75
RAC1	0,983700691465701	0	0	0,832	0,296	1	All	0,75
CTSH	0,978165273791993	0	0	0,805	0,202	1	All	0,75
CYBA	0,974251479059298	0	0	0,954	0,4	1	All	0,75
KLF6	0,968650862515591	0	0	0,842	0,4	1	All	0,75
BTBD9	0,963572435356903	0	0	0,862	0,342	1	All	0,75
PPT1	0,956193147272796	0	0	0,796	0,346	1	All	0,75
IL17RA	0,952015132457385	0	0	0,849	0,328	1	All	0,75
SRGN	0,942063178320196	0	0	0,897	0,358	1	All	0,75
CEBPB	0,936093603577273	0	0	0,825	0,319	1	All	0,75
LTA4H	0,929620152461905	0	0	0,848	0,434	1	All	0,75
MACROH2A1	0,916658957318537	0	0	0,859	0,394	1	All	0,75
CAST	0,912057144197494	0	0	0,771	0,306	1	All	0,75
CARD16	0,910757366711302	0	0	0,865	0,365	1	All	0,75
TLN1	0,904837981123859	0	0	0,922	0,475	1	All	0,75
AP2S1	0,887021504316119	0	0	0,881	0,404	1	All	0,75
AGTRAP	0,875852199334384	0	0	0,76	0,206	1	All	0,75
IQGAP1	0,868347864395009	0	0	0,892	0,454	1	All	0,75
FLNA	0,861652509658527	0	0	0,793	0,334	1	All	0,75
POU2F2	0,836969351642606	0	0	0,77	0,282	1	All	0,75
ASAH1	0,814948202976033	0	0	0,763	0,297	1	All	0,75
C4orf48	0,805856577186006	0	0	0,803	0,269	1	All	0,75
FGF23	0,782100295389296	0	0	0,805	0,333	1	All	0,75
HLA-DRA	0,563458631867241	0	0	0,863	0,23	1	All	0,75
CDC42EP3	0,920130684796204	6,68089602475275e-307	2,00426880742582e-303	0,752	0,299	1	All	0,75
C1orf162	0,804644957009205	1,36036946633152e-302	4,08110839899455e-299	0,876	0,448	1	All	0,75
ATP6V0B	0,939312846002896	1,36403112760503e-302	4,0920933828151e-299	0,838	0,404	1	All	0,75
MYL6	0,615237461599367	4,84702739989565e-291	1,45410821996869e-287	0,855	0,397	1	All	0,75
GLIPR1	0,794307423258598	2,16998875452616e-283	6,50996626357847e-280	0,803	0,359	1	All	0,75
LCP1	0,742355819450818	1,56607509461312e-274	4,69822528383937e-271	0,9	0,519	1	All	0,75
LINC00844	0,674067464156228	5,48938705699752e-274	1,64681611709926e-270	0,838	0,425	1	All	0,75
SERPINB1	0,793936979741275	1,61612699946428e-271	4,84838099839283e-268	0,846	0,489	1	All	0,75
ZFP36	1,02198788796128	1,08664741391538e-254	3,25994224174614e-251	0,845	0,509	1	All	0,75
ZNF333	0,615574848026678	9,24309477513495e-239	2,77292843254049e-235	0,77	0,378	1	All	0,75
SAMHD1	0,716320552649064	3,22893899400069e-233	9,68681698200206e-230	0,822	0,461	1	All	0,75
CLIC1	0,632937113282184	3,75543205530156e-218	1,12662961659047e-214	0,845	0,437	1	All	0,75
TIMP1	0,628346986950251	8,92760615087077e-215	2,67828184526123e-211	0,77	0,365	1	All	0,75
ANXA1	0,665261898557918	5,12202174456672e-185	1,53660652337002e-181	0,764	0,407	1	All	0,75
FERMT3	0,511599669830451	5,53642917678477e-156	1,66092875303543e-152	0,757	0,413	1	All	0,75
S100A8	2,83561766388374	0	0	0,996	0,214	2	All	0,75
S100A12	2,06637226511534	0	0	0,932	0,202	2	All	0,75
FOS	1,93324608603754	0	0	0,995	0,313	2	All	0,75
S100A6	1,85194737010981	0	0	0,991	0,329	2	All	0,75
S100A9	1,73885234376976	0	0	0,992	0,222	2	All	0,75
VCAN	1,64353214876308	0	0	0,963	0,21	2	All	0,75
AL512646.1	1,63961603169962	0	0	0,997	0,253	2	All	0,75
S100A4	1,61628055460621	0	0	0,988	0,434	2	All	0,75
MNDA	1,58054087782355	0	0	0,954	0,239	2	All	0,75
TYROBP	1,52073224941669	0	0	0,989	0,291	2	All	0,75
CEBPD	1,5192495365179	0	0	0,949	0,298	2	All	0,75
NEAT1	1,51509327010916	0	0	0,959	0,379	2	All	0,75
LYZ	1,46106144857301	0	0	0,993	0,235	2	All	0,75
FCN1	1,45129431808591	0	0	0,971	0,225	2	All	0,75
FTL	1,44025103665616	0	0	0,987	0,273	2	All	0,75
AIF1	1,42603800131644	0	0	0,956	0,321	2	All	0,75
CST3	1,34106318747411	0	0	0,993	0,248	2	All	0,75
GPX1	1,3367103038059	0	0	0,971	0,36	2	All	0,75
CTSS	1,32967652434684	0	0	0,966	0,314	2	All	0,75
S100A11	1,30577188694343	0	0	0,953	0,37	2	All	0,75
TSPO	1,28308927395614	0	0	0,928	0,397	2	All	0,75
TYMP	1,27699417998743	0	0	0,913	0,319	2	All	0,75
CSF3R	1,26942481756575	0	0	0,801	0,205	2	All	0,75
STXBP2	1,25902300666057	0	0	0,76	0,253	2	All	0,75
CSTA	1,25456970460119	0	0	0,787	0,211	2	All	0,75
DUSP1	1,25015043584535	0	0	0,911	0,361	2	All	0,75
LGALS1	1,2054381071545	0	0	0,932	0,322	2	All	0,75
CFD	1,18770647355239	0	0	0,76	0,211	2	All	0,75
LST1	1,12083867086475	0	0	0,872	0,276	2	All	0,75
CD14	1,10012276462397	0	0	0,776	0,202	2	All	0,75
SERPINA1	1,04962769107568	0	0	0,806	0,219	2	All	0,75
FTH1	1,15473991070243	8,30011064411603e-290	2,49003319323481e-286	0,891	0,359	2	All	0,75
FCER1G	1,04078252777199	8,33595529161529e-286	2,50078658748459e-282	0,875	0,29	2	All	0,75
SPI1	0,995749001321084	1,10265384378595e-280	3,30796153135784e-277	0,854	0,281	2	All	0,75
GSTP1	1,11509751393148	4,88357489916795e-274	1,46507246975039e-270	0,905	0,375	2	All	0,75
PSAP	0,983780611104296	1,57129305290396e-267	4,71387915871187e-264	0,933	0,336	2	All	0,75
COTL1	0,972840395469089	3,59647637768685e-263	1,07894291330606e-259	0,944	0,402	2	All	0,75
BTBD9	1,04197163921048	2,26033602774953e-260	6,7810080832486e-257	0,839	0,381	2	All	0,75
TALDO1	1,06778834300184	7,6303118330803e-258	2,28909354992409e-254	0,889	0,525	2	All	0,75
CYBB	1,03133003509416	6,31603242061696e-252	1,89480972618509e-248	0,788	0,288	2	All	0,75
GABARAP	0,962184600670748	3,74037522798437e-247	1,12211256839531e-243	0,862	0,407	2	All	0,75
BRI3	1,0205008700327	3,11684185019528e-244	9,35052555058583e-241	0,866	0,451	2	All	0,75
OAZ1	0,810577186049007	2,1572374474243e-236	6,4717123422729e-233	0,908	0,497	2	All	0,75
FGF23	0,944874600262747	2,7993852471129e-235	8,3981557413387e-232	0,805	0,365	2	All	0,75
VIM	0,924742860529367	3,61353021679495e-232	1,08405906503848e-228	0,895	0,455	2	All	0,75
SH3BGRL3	0,815148553924673	3,89957953917883e-222	1,16987386175365e-218	0,894	0,434	2	All	0,75
TKT	0,921592878429933	1,78913599519524e-217	5,36740798558571e-214	0,796	0,337	2	All	0,75
GAPDH	0,849538512212282	9,69316355162043e-213	2,90794906548613e-209	0,89	0,485	2	All	0,75
S100A10	0,899763606456309	7,81123658622888e-210	2,34337097586866e-206	0,864	0,409	2	All	0,75
APLP2	0,931084981370774	1,17865213058629e-200	3,53595639175887e-197	0,751	0,323	2	All	0,75
MYL6	0,725956582374641	3,3778597183995e-200	1,01335791551985e-196	0,824	0,433	2	All	0,75
SAT1	0,850067061045675	1,92561607737491e-199	5,77684823212472e-196	0,792	0,334	2	All	0,75
PYCARD	0,893754322003125	1,99191614907822e-199	5,97574844723467e-196	0,761	0,391	2	All	0,75
LINC00844	0,944624330365146	6,97548899473612e-198	2,09264669842084e-194	0,773	0,463	2	All	0,75
KLF6	0,911715023324285	3,36924265600497e-195	1,01077279680149e-191	0,814	0,435	2	All	0,75
AHNAK	0,877924742047886	5,3608942556633e-189	1,60826827669899e-185	0,853	0,44	2	All	0,75
CYBA	0,645018574362185	2,25734108341833e-150	6,772023250255e-147	0,843	0,454	2	All	0,75
SRGN	0,646157099948583	7,371935982124e-138	2,2115807946372e-134	0,795	0,409	2	All	0,75
IER2	0,797008275694145	2,06303928493335e-129	6,18911785480006e-126	0,81	0,543	2	All	0,75
ITGB2	0,595368569095946	4,91437318196072e-123	1,47431195458822e-119	0,816	0,455	2	All	0,75
EFHD2	0,568623557051969	9,80008428536842e-119	2,94002528561053e-115	0,76	0,411	2	All	0,75
IL32	1,46252397420021	0	0	0,978	0,455	3	All	0,75
AQP3	1,27984292039602	0	0	0,808	0,242	3	All	0,75
ITGB1	1,23839268118799	0	0	0,783	0,272	3	All	0,75
B2M	0,67668562950901	1,68115359260661e-276	5,04346077781982e-273	0,989	0,532	3	All	0,75
LTB	1,22727094959031	1,73013502090889e-231	5,19040506272666e-228	0,941	0,504	3	All	0,75
IL7R	1,24228818356397	1,00080632429252e-230	3,00241897287755e-227	0,877	0,401	3	All	0,75
CD2	0,816766606144503	7,78579686233723e-215	2,33573905870117e-211	0,799	0,341	3	All	0,75
SPOCK2	0,732934430035018	5,57602808785839e-178	1,67280842635752e-174	0,788	0,369	3	All	0,75
CD52	0,663777236162103	1,16160214574585e-171	3,48480643723755e-168	0,872	0,508	3	All	0,75
CD3G	0,685883753291729	7,17984312006742e-171	2,15395293602023e-167	0,868	0,4	3	All	0,75
RPS18	0,631340081673603	7,11740907905615e-169	2,13522272371684e-165	0,933	0,539	3	All	0,75
CD3D	0,708686584960564	2,89336002288663e-167	8,68008006865988e-164	0,783	0,373	3	All	0,75
RPS29	0,602791181148486	1,4446717626787e-164	4,33401528803611e-161	0,933	0,55	3	All	0,75
CD3E	0,777773912761087	2,9144823055651e-160	8,7434469166953e-157	0,968	0,465	3	All	0,75
HSPA8	0,617351695219134	1,11869276159099e-134	3,35607828477297e-131	0,861	0,506	3	All	0,75
IFITM1	0,684390588828316	5,23039254458074e-129	1,56911776337422e-125	0,89	0,485	3	All	0,75
RPL3	0,571193779424005	7,71277201568592e-128	2,31383160470577e-124	0,923	0,559	3	All	0,75
TLE5	0,619005885579323	1,04173341350706e-127	3,12520024052117e-124	0,871	0,517	3	All	0,75
RPSA	0,591313913149704	2,42890366174341e-121	7,28671098523022e-118	0,918	0,568	3	All	0,75
LCK	0,52935518007101	2,42983658787573e-112	7,28950976362719e-109	0,874	0,473	3	All	0,75
ARL4C	0,511178940064875	1,54060207448704e-107	4,62180622346113e-104	0,811	0,437	3	All	0,75
RPS27	0,511961359949557	6,96326546627358e-94	2,08897963988207e-90	0,954	0,563	3	All	0,75
GIMAP7	0,556560393779061	6,61950077764241e-90	1,98585023329272e-86	0,86	0,548	3	All	0,75
CD8B	2,57510744394117	0	0	0,972	0,05	4	All	0,75
LINC02446	1,95165658837863	0	0	0,795	0,024	4	All	0,75
CD8A	1,87176739397434	0	0	0,932	0,069	4	All	0,75
NELL2	1,16428559526754	0	0	0,769	0,148	4	All	0,75
CTSW	0,752937893563169	0	0	0,893	0,24	4	All	0,75
LEF1	1,10604336142573	1,18620072443312e-278	3,55860217329937e-275	0,963	0,386	4	All	0,75
RPS12	0,802658150729273	3,03143825629232e-269	9,09431476887696e-266	0,997	0,522	4	All	0,75
CCR7	1,03915660106615	1,49088445640724e-261	4,47265336922172e-258	0,948	0,41	4	All	0,75
RPS3A	0,70272289662447	3,55520021436878e-232	1,06656006431063e-228	0,981	0,518	4	All	0,75
RPL32	0,66742286316454	6,10795764395356e-230	1,83238729318607e-226	0,995	0,525	4	All	0,75
RPS5	0,793432818203794	1,20040319949857e-228	3,6012095984957e-225	0,991	0,554	4	All	0,75
RPS6	0,705734004504528	1,65950883334158e-213	4,97852650002473e-210	0,965	0,52	4	All	0,75
NUCB2	0,763698409209275	1,11476494853798e-212	3,34429484561395e-209	0,764	0,289	4	All	0,75
EEF1B2	0,769784273252647	3,77958594292659e-212	1,13387578287798e-208	0,967	0,517	4	All	0,75
NPM1	0,77909319031687	1,15184107708788e-207	3,45552323126363e-204	0,913	0,468	4	All	0,75
RPS8	0,600459797563494	1,49048572203054e-204	4,47145716609161e-201	0,96	0,518	4	All	0,75
CD7	0,866747932045184	2,52282120534821e-203	7,56846361604463e-200	0,821	0,345	4	All	0,75
LDLRAP1	0,810068135232985	3,62706745527003e-200	1,08812023658101e-196	0,802	0,312	4	All	0,75
CD27	0,734748868469488	3,89162835452503e-197	1,16748850635751e-193	0,86	0,36	4	All	0,75
RPS3	0,6588055242671	9,63923078549322e-195	2,89176923564797e-191	0,996	0,555	4	All	0,75
RPL13	0,595527714359484	3,63836690510317e-193	1,09151007153095e-189	0,988	0,548	4	All	0,75
MT-ND4L	0,715960363882011	4,3954943079097e-193	1,31864829237291e-189	0,941	0,517	4	All	0,75
RPL10A	0,647504327593681	3,99126584940051e-186	1,19737975482015e-182	0,961	0,534	4	All	0,75
RPS25	0,65879863961128	1,67191129877315e-180	5,01573389631944e-177	0,991	0,542	4	All	0,75
CD3E	0,867113064508467	2,76789911012508e-180	8,30369733037523e-177	0,982	0,471	4	All	0,75
SARAF	0,743119316267788	1,17335477726666e-177	3,52006433179997e-174	0,948	0,501	4	All	0,75
CD3D	0,763079166578185	7,88067167386979e-176	2,36420150216094e-172	0,835	0,373	4	All	0,75
RPL3	0,666863396539217	2,30554900955437e-171	6,91664702866311e-168	0,976	0,559	4	All	0,75
RPS18	0,644169938401726	1,21208309432304e-167	3,63624928296911e-164	0,97	0,54	4	All	0,75
TCF7	0,79920835655624	2,04863364084404e-167	6,14590092253211e-164	0,896	0,403	4	All	0,75
RPS15A	0,591138221871734	2,74075753574617e-166	8,22227260723851e-163	0,989	0,533	4	All	0,75
PIK3IP1	0,745932162360943	4,69507487118272e-165	1,40852246135481e-161	0,826	0,387	4	All	0,75
RGS10	0,654999771972124	1,38987359177129e-163	4,16962077531388e-160	0,899	0,516	4	All	0,75
RPL10	0,54406096354234	7,01256368935557e-151	2,10376910680667e-147	0,987	0,547	4	All	0,75
RPS27A	0,577279661545713	9,97247310417787e-151	2,99174193125336e-147	0,98	0,533	4	All	0,75
RPL30	0,539574380128824	1,4500173933482e-150	4,35005218004461e-147	0,986	0,534	4	All	0,75
PCED1B-AS1	0,738886028046287	1,39948889395128e-149	4,19846668185384e-146	0,755	0,359	4	All	0,75
CD3G	0,646486174181489	9,60095136416691e-148	2,88028540925007e-144	0,874	0,406	4	All	0,75
LBH	0,662115175759276	2,53539125919141e-141	7,60617377757424e-138	0,856	0,448	4	All	0,75
LCK	0,63873045725023	5,32842878047059e-141	1,59852863414118e-137	0,916	0,474	4	All	0,75
RPSA	0,638706728140914	1,45856718579316e-138	4,37570155737947e-135	0,97	0,567	4	All	0,75
GYPC	0,646850021473364	2,64072429874542e-138	7,92217289623625e-135	0,882	0,504	4	All	0,75
NOSIP	0,657751132085974	1,56930108139812e-126	4,70790324419436e-123	0,767	0,371	4	All	0,75
IFITM1	0,601870168423888	2,11235897956065e-111	6,33707693868196e-108	0,932	0,487	4	All	0,75
RPS29	0,503630259674611	9,05029148420677e-111	2,71508744526203e-107	0,959	0,553	4	All	0,75
STK17A	0,569209392462033	1,67677165016931e-108	5,03031495050793e-105	0,814	0,457	4	All	0,75
C12orf57	0,573497824293968	1,22491549654216e-106	3,67474648962648e-103	0,798	0,433	4	All	0,75
SPOCK2	0,511839836102277	1,29892518966218e-100	3,89677556898654e-97	0,756	0,379	4	All	0,75
HSPA8	0,507759066952669	3,6925134632539e-96	1,10775403897617e-92	0,86	0,511	4	All	0,75
SELL	0,558499289148925	1,21006394359305e-93	3,63019183077915e-90	0,808	0,48	4	All	0,75
RPS27	0,525360679770296	4,05664294459075e-90	1,21699288337722e-86	0,976	0,566	4	All	0,75
MS4A1	3,62926502451872	0	0	0,988	0,005	5	All	0,75
CD79A	3,4901483891689	0	0	0,999	0,037	5	All	0,75
CD74	3,39898236617725	0	0	1	0,373	5	All	0,75
HLA-DRA	2,88861988178918	0	0	0,992	0,284	5	All	0,75
IGHM	2,87547163026946	0	0	0,914	0,011	5	All	0,75
TCL1A	2,76608965548496	0	0	0,764	0,005	5	All	0,75
BANK1	2,37180790905989	0	0	0,928	0,011	5	All	0,75
HLA-DRB5	2,34879842058574	0	0	0,994	0,27	5	All	0,75
LINC00926	2,27434877044954	0	0	0,927	0,006	5	All	0,75
CD79B	2,25091092623191	0	0	0,964	0,073	5	All	0,75
CD37	2,10005376724679	0	0	0,984	0,396	5	All	0,75
HLA-DPA1	2,04960472238667	0	0	0,989	0,354	5	All	0,75
FCER2	1,99181652377197	0	0	0,813	0,003	5	All	0,75
HLA-DQB1	1,9871429209606	0	0	0,945	0,108	5	All	0,75
HLA-DPB1	1,87993552057683	0	0	0,982	0,316	5	All	0,75
HVCN1	1,78910989333224	0	0	0,891	0,137	5	All	0,75
NIBAN3	1,76438613731882	0	0	0,847	0,024	5	All	0,75
HLA-DQA2	1,76414772987991	0	0	0,893	0,051	5	All	0,75
RALGPS2	1,66548499632861	0	0	0,834	0,054	5	All	0,75
MEF2C	1,5410881646484	0	0	0,871	0,209	5	All	0,75
AFF3	1,49827101156347	0	0	0,796	0,068	5	All	0,75
HLA-DMA	1,45015045210681	0	0	0,924	0,211	5	All	0,75
HLA-DRB1	1,44629196199265	0	0	0,958	0,276	5	All	0,75
SNX2	1,2377429984175	0	0	0,876	0,326	5	All	0,75
HLA-DQA1	1,21341206394312	0	0	0,752	0,055	5	All	0,75
HLA-DMB	1,18559112276062	0	0	0,808	0,156	5	All	0,75
FCMR	1,27614975416285	1,23142030585063e-249	3,69426091755189e-246	0,944	0,493	5	All	0,75
CD52	0,90970733284401	2,47559453804218e-235	7,42678361412653e-232	0,943	0,512	5	All	0,75
PRKCB	0,982889716116867	5,13255988420606e-199	1,53976796526182e-195	0,839	0,393	5	All	0,75
EZR	0,968676074097805	4,79500853818043e-180	1,43850256145413e-176	0,847	0,439	5	All	0,75
LTB	0,989948022195829	2,36944202710052e-173	7,10832608130156e-170	0,951	0,516	5	All	0,75
MT-ND4L	0,680293078280475	2,76677331450241e-148	8,30031994350724e-145	0,909	0,527	5	All	0,75
MT-CO1	0,500421274652918	7,70351384690039e-134	2,31105415407012e-130	0,871	0,486	5	All	0,75
MT-RNR2	0,517589526191354	4,46685772941552e-114	1,34005731882465e-110	0,825	0,481	5	All	0,75
RPS5	0,593447479339533	6,78375690238945e-107	2,03512707071683e-103	0,955	0,564	5	All	0,75
CD81	0,620671700217289	8,16843535082556e-105	2,45053060524767e-101	0,814	0,47	5	All	0,75
ZFP36L1	0,723961798869946	2,12194628263186e-90	6,36583884789558e-87	0,777	0,501	5	All	0,75
STK17A	0,638994498528555	2,57655170427341e-82	7,72965511282024e-79	0,758	0,468	5	All	0,75
RPSA	0,520305915064999	2,50728276933986e-79	7,52184830801957e-76	0,922	0,578	5	All	0,75
SELL	0,539686637352815	7,75958794536774e-68	2,32787638361032e-64	0,786	0,487	5	All	0,75
CCL5	2,90953652589658	0	0	0,928	0,071	6	All	0,75
NKG7	1,74542830076546	0	0	0,861	0,087	6	All	0,75
CTSW	1,54609563806639	0	0	0,944	0,262	6	All	0,75
CST7	1,43913157047767	0	0	0,784	0,067	6	All	0,75
IL32	1,51691651589776	2,21755673873986e-246	6,6526702162196e-243	0,986	0,481	6	All	0,75
B2M	0,833630749288032	1,6807926987214e-222	5,04237809616421e-219	0,99	0,556	6	All	0,75
GZMM	0,826035958985464	6,24639726895731e-148	1,87391918068719e-144	0,764	0,304	6	All	0,75
CD81	0,878364895144794	2,44495966641484e-133	7,33487899924453e-130	0,861	0,475	6	All	0,75
IL7R	1,25567971717286	4,65969394637261e-128	1,39790818391178e-124	0,835	0,428	6	All	0,75
ARL4C	0,898230479938102	1,80885218322797e-127	5,42655654968392e-124	0,864	0,453	6	All	0,75
HCST	0,851487734002858	2,55852608077935e-120	7,67557824233804e-117	0,859	0,472	6	All	0,75
CD3E	0,816173517097215	2,45926670727555e-106	7,37780012182664e-103	0,971	0,491	6	All	0,75
CD3D	0,735243469062874	3,62947381025913e-99	1,08884214307774e-95	0,802	0,393	6	All	0,75
LCK	0,6659647296739	3,76183075415977e-95	1,12854922624793e-91	0,911	0,491	6	All	0,75
MYL12A	0,561152669688916	3,51967327686527e-92	1,05590198305958e-88	0,893	0,564	6	All	0,75
CD99	0,676127747322842	8,0510562933222e-87	2,41531688799666e-83	0,768	0,415	6	All	0,75
IFITM1	0,649339745713642	2,47811178210567e-73	7,43433534631702e-70	0,903	0,506	6	All	0,75
CD3G	0,566933844592571	3,29270049381957e-70	9,87810148145872e-67	0,812	0,428	6	All	0,75
PLAAT4	0,595706894981776	1,17877268144795e-65	3,53631804434386e-62	0,816	0,491	6	All	0,75
HSPA8	0,515546433273532	7,83342269012645e-60	2,35002680703794e-56	0,824	0,527	6	All	0,75
GIMAP7	0,500630015410321	8,62760661815197e-29	2,58828198544559e-25	0,783	0,569	6	All	0,75
GNLY	5,60587186081279	0	0	0,995	0,027	7	All	0,75
NKG7	4,61615512491798	0	0	1	0,098	7	All	0,75
PRF1	3,59820457974827	0	0	0,998	0,107	7	All	0,75
CST7	3,25845612285678	0	0	0,995	0,074	7	All	0,75
GZMA	3,21265019785356	0	0	0,99	0,062	7	All	0,75
GZMB	3,18996113107543	0	0	0,962	0,013	7	All	0,75
CCL5	2,96126556335831	0	0	0,886	0,092	7	All	0,75
FGFBP2	2,96078655855136	0	0	0,9	0,014	7	All	0,75
CTSW	2,8981765724843	0	0	0,998	0,274	7	All	0,75
SPON2	2,87703371918311	0	0	0,912	0,031	7	All	0,75
KLRD1	2,66195566484278	0	0	0,979	0,043	7	All	0,75
CLIC3	2,51978613486145	0	0	0,922	0,037	7	All	0,75
CX3CR1	2,36749430683694	0	0	0,907	0,123	7	All	0,75
HOPX	2,34499898379277	0	0	0,938	0,083	7	All	0,75
FCGR3A	2,3123077377806	0	0	0,914	0,026	7	All	0,75
IL2RB	2,18318253654243	0	0	0,91	0,065	7	All	0,75
KLRF1	2,07942217911898	0	0	0,924	0,009	7	All	0,75
KLRB1	1,90937622395093	0	0	0,929	0,086	7	All	0,75
TBX21	1,85145790053487	0	0	0,838	0,024	7	All	0,75
MATK	1,59952906865233	0	0	0,838	0,09	7	All	0,75
SH2D1B	1,5789225130339	0	0	0,767	0,003	7	All	0,75
S1PR5	1,53376890409758	0	0	0,76	0,026	7	All	0,75
PYHIN1	1,38599228026776	1,85142009918711e-290	5,55426029756133e-287	0,777	0,092	7	All	0,75
APMAP	1,49569825499108	1,76314256802188e-272	5,28942770406563e-269	0,86	0,171	7	All	0,75
CD247	2,01409997827623	3,5913592530674e-263	1,07740777592022e-259	0,99	0,422	7	All	0,75
GZMM	1,78227087122389	2,60414339941452e-259	7,81243019824357e-256	0,933	0,306	7	All	0,75
EFHD2	1,93608591689578	2,65735678688841e-243	7,97207036066522e-240	0,995	0,429	7	All	0,75
B2M	1,19504792438241	1,84128732758159e-224	5,52386198274476e-221	0,995	0,565	7	All	0,75
ABHD17A	1,71360435277576	8,49293693101966e-222	2,5478810793059e-218	0,962	0,457	7	All	0,75
IFITM1	1,91417120270212	1,47156932507503e-220	4,4147079752251e-217	0,995	0,51	7	All	0,75
PFN1	1,39852131840373	1,48312367150379e-207	4,44937101451136e-204	0,971	0,476	7	All	0,75
CD7	1,78185135507149	5,6508756633895e-205	1,69526269901685e-201	0,955	0,367	7	All	0,75
IFITM2	1,74761093080565	2,85113077823771e-203	8,55339233471312e-200	0,952	0,506	7	All	0,75
SRGN	1,60088649340432	7,0237469205281e-203	2,10712407615843e-199	0,99	0,432	7	All	0,75
PLEK	1,48721814392489	3,46021717596257e-200	1,03806515278877e-196	0,907	0,298	7	All	0,75
ARL4C	1,41553841237196	1,89455096227291e-176	5,68365288681872e-173	0,955	0,458	7	All	0,75
MYL12A	1,18274285472131	2,11198441849483e-170	6,3359532554845e-167	0,981	0,567	7	All	0,75
HCST	1,4823466886648	5,26388572793095e-170	1,57916571837928e-166	0,948	0,477	7	All	0,75
XBP1	1,42867378307809	1,42960394847315e-163	4,28881184541944e-160	0,888	0,357	7	All	0,75
CD99	1,30476015184845	1,05356247160575e-159	3,16068741481725e-156	0,931	0,415	7	All	0,75
RAP1B	1,2627231605548	5,73006398896137e-158	1,71901919668841e-154	0,888	0,387	7	All	0,75
ZAP70	1,20364524121156	1,01728945808358e-154	3,05186837425073e-151	0,895	0,364	7	All	0,75
PLAAT4	1,28793614302757	3,08572026931136e-152	9,25716080793409e-149	0,936	0,493	7	All	0,75
ITGB2	1,26213941878035	1,71330749491993e-150	5,13992248475978e-147	0,969	0,477	7	All	0,75
FCER1G	1,34642184961727	2,69009532431147e-150	8,0702859729344e-147	0,952	0,334	7	All	0,75
ALOX5AP	1,33159585036879	5,67671123153621e-147	1,70301336946086e-143	0,85	0,337	7	All	0,75
CLIC1	1,18961948877241	1,55566752365863e-139	4,66700257097589e-136	0,952	0,492	7	All	0,75
CD81	1,16550887129905	2,41164173043637e-138	7,23492519130912e-135	0,919	0,481	7	All	0,75
CTSC	1,44302778959285	1,0571835327388e-137	3,17155059821639e-134	0,831	0,34	7	All	0,75
SLC9A3R1	3,73864411696366	2,22920438546978e-127	6,68761315640934e-124	0,867	0,373	7	All	0,75
CYBA	1,00620485155852	3,22326785994736e-124	9,66980357984207e-121	0,955	0,481	7	All	0,75
PLAC8	1,13596427271805	3,91333698084904e-123	1,17400109425471e-119	0,841	0,37	7	All	0,75
TGFB1	0,969997889634997	4,23008055136021e-112	1,26902416540806e-108	0,914	0,529	7	All	0,75
SPN	1,02202033230484	1,48296910340703e-98	4,44890731022108e-95	0,762	0,323	7	All	0,75
CD63	1,02467967824266	3,03364359669296e-96	9,10093079007888e-93	0,791	0,361	7	All	0,75
ACTB	0,886706573001803	3,36122242971888e-93	1,00836672891566e-89	0,869	0,521	7	All	0,75
ADGRE5	0,958067582210846	5,39952139816402e-93	1,61985641944921e-89	0,841	0,432	7	All	0,75
EVL	0,845265081892978	7,41306084883675e-85	2,22391825465102e-81	0,86	0,47	7	All	0,75
IFITM3	0,898961720905359	2,02346817663554e-80	6,07040452990662e-77	0,793	0,424	7	All	0,75
PRKCH	0,841634871830743	2,12585270215437e-78	6,37755810646311e-75	0,755	0,326	7	All	0,75
TYROBP	0,836235079778986	5,70743708505637e-75	1,71223112551691e-71	0,99	0,349	7	All	0,75
DENND2D	0,844685261893955	1,76737665771999e-72	5,30212997315996e-69	0,786	0,401	7	All	0,75
ACTG1	0,796941964929897	9,20080591943318e-69	2,76024177582995e-65	0,836	0,547	7	All	0,75
LCP1	0,77182805959744	3,27974625165087e-67	9,8392387549526e-64	0,879	0,575	7	All	0,75
CALR	0,97803045009532	1,16604681275635e-64	3,49814043826906e-61	0,81	0,543	7	All	0,75
FGR	0,54974667340584	3,15047598237568e-64	9,45142794712704e-61	0,784	0,324	7	All	0,75
MYL6	0,527751341797817	5,15198325883803e-61	1,54559497765141e-57	0,857	0,464	7	All	0,75
KLF2	0,54624126621127	2,0493242924391e-45	6,14797287731731e-42	0,848	0,566	7	All	0,75
LINC00861	0,553688482082937	4,25692511944306e-40	1,27707753583292e-36	0,779	0,423	7	All	0,75
TLE5	0,503322565405435	1,64086873471397e-35	4,92260620414192e-32	0,836	0,544	7	All	0,75
FCER1A	3,21051677306392	0	0	0,879	0,012	8	All	0,75
CLEC10A	2,18863930506686	1,03751334357796e-223	3,11254003073387e-220	0,798	0,033	8	All	0,75
PLD4	1,41619428765331	3,84479326395932e-153	1,1534379791878e-149	0,818	0,057	8	All	0,75
HLA-DQA2	2,91020619958533	1,39862365257233e-146	4,19587095771698e-143	1	0,115	8	All	0,75
HLA-DQA1	2,27992900011711	1,26572779455696e-137	3,79718338367088e-134	0,99	0,106	8	All	0,75
HLA-DQB1	3,26777918896348	5,33819621440838e-112	1,60145886432251e-108	1	0,172	8	All	0,75
NAPSB	2,59636360385744	1,31473662182395e-96	3,94420986547185e-93	1	0,248	8	All	0,75
GSN	1,64890274250713	6,6187638476068e-90	1,98562915428204e-86	0,929	0,151	8	All	0,75
BASP1	1,70975645094733	6,10264440619965e-88	1,8307933218599e-84	0,889	0,154	8	All	0,75
HLA-DRB5	3,59847551369581	2,92361754297559e-83	8,77085262892678e-80	1	0,325	8	All	0,75
HLA-DMA	2,15807120592958	2,39684346383216e-82	7,19053039149648e-79	0,99	0,265	8	All	0,75
HLA-DRB1	2,90849814826785	1,6779076680471e-81	5,0337230041413e-78	1	0,328	8	All	0,75
CST3	3,39031811820754	1,80962559168883e-79	5,42887677506649e-76	1	0,332	8	All	0,75
HLA-DPB1	3,62526852656701	3,9883998560139e-79	1,19651995680417e-75	1	0,367	8	All	0,75
HLA-DMB	1,4577917852028	1,52590852522025e-78	4,57772557566074e-75	0,97	0,204	8	All	0,75
HLA-DRA	3,89936862584027	7,82539126005498e-78	2,34761737801649e-74	1	0,339	8	All	0,75
HLA-DPA1	3,79778435099614	1,49897304604582e-76	4,49691913813747e-73	1	0,403	8	All	0,75
CPVL	1,95459342237035	2,55119460603646e-74	7,65358381810938e-71	0,879	0,181	8	All	0,75
ALDH2	1,18408252943524	1,3580194549166e-67	4,07405836474979e-64	0,869	0,171	8	All	0,75
CFP	1,56823351766122	1,73174282392243e-65	5,19522847176728e-62	0,929	0,237	8	All	0,75
CIITA	1,08856630433018	1,45200130499425e-64	4,35600391498276e-61	0,818	0,125	8	All	0,75
CD74	3,25394572484098	5,25996887093862e-63	1,57799066128159e-59	1	0,421	8	All	0,75
CTSZ	1,66484690241846	5,42421827146255e-63	1,62726548143877e-59	1	0,377	8	All	0,75
RAB32	0,990693312077479	9,51581039854011e-60	2,85474311956203e-56	0,798	0,182	8	All	0,75
ZNF385A	0,918472052895267	5,11655973781276e-59	1,53496792134383e-55	0,838	0,172	8	All	0,75
ACTB	1,47116986402391	2,57273342333568e-58	7,71820027000705e-55	1	0,531	8	All	0,75
SAMHD1	1,8632852300832	3,67659980218249e-58	1,10297994065475e-54	0,99	0,523	8	All	0,75
LYZ	2,21709317584361	6,79581086933717e-58	2,03874326080115e-54	1	0,32	8	All	0,75
ANXA2	1,68940543242742	1,28738130739489e-57	3,86214392218467e-54	1	0,421	8	All	0,75
GRN	1,53991355835878	2,86423782292264e-57	8,59271346876793e-54	1	0,347	8	All	0,75
CCDC88A	1,16100111165569	1,77836297277782e-54	5,33508891833347e-51	0,909	0,238	8	All	0,75
PAK1	1,14733148195003	3,87671704794425e-52	1,16301511438327e-48	0,889	0,234	8	All	0,75
CTSH	1,19426222643571	8,57220973779876e-51	2,57166292133963e-47	0,939	0,306	8	All	0,75
FGL2	1,34610858838649	1,43454612023617e-48	4,30363836070852e-45	0,889	0,26	8	All	0,75
MACROH2A1	1,19802939505116	1,93178939636998e-48	5,79536818910993e-45	1	0,474	8	All	0,75
SPI1	1,27461706510353	1,36505706165246e-46	4,09517118495738e-43	1	0,344	8	All	0,75
GSTP1	1,48908825357287	2,048681401415e-45	6,146044204245e-42	1	0,434	8	All	0,75
COTL1	1,45654435543892	2,10975312486918e-45	6,32925937460753e-42	1	0,462	8	All	0,75
IGSF6	1,18084855696932	9,18112251378031e-45	2,75433675413409e-41	0,808	0,223	8	All	0,75
JAML	1,2902925717298	1,11069890864912e-44	3,33209672594735e-41	0,939	0,367	8	All	0,75
GLIPR1	1,13647028136033	1,04703855602474e-42	3,14111566807422e-39	0,96	0,435	8	All	0,75
PLBD1	0,829294407156451	6,74539755006275e-42	2,02361926501882e-38	0,798	0,206	8	All	0,75
LGALS2	1,24922168481369	1,81758639132894e-41	5,45275917398681e-38	0,758	0,208	8	All	0,75
LY86	0,948524146413568	6,86811024283633e-41	2,0604330728509e-37	0,838	0,235	8	All	0,75
ACTG1	1,06603432336829	1,34326711571899e-40	4,02980134715698e-37	0,949	0,556	8	All	0,75
ANXA5	1,08913329365001	1,23258638846897e-39	3,69775916540691e-36	0,97	0,385	8	All	0,75
RAB31	0,7842534043142	7,69232067892296e-38	2,30769620367689e-34	0,788	0,219	8	All	0,75
S100A10	1,33946185958819	1,42249160261456e-37	4,26747480784369e-34	0,98	0,46	8	All	0,75
GAPDH	1,05082598004751	2,20013063970884e-37	6,60039191912651e-34	1	0,529	8	All	0,75
TUBA1B	1,88112880824838	4,10887604610421e-37	1,23266281383126e-33	0,919	0,535	8	All	0,75
MEF2C	0,746400736212998	1,50617359791613e-36	4,51852079374839e-33	0,848	0,26	8	All	0,75
RNF130	1,17448749095375	2,50262711447318e-36	7,50788134341954e-33	0,869	0,36	8	All	0,75
FCGRT	0,95127494751795	6,87581309073536e-36	2,06274392722061e-32	0,949	0,376	8	All	0,75
FCER1G	1,20559411660444	4,50296971787462e-35	1,35089091536238e-31	0,929	0,355	8	All	0,75
C1orf162	1,0389327377152	5,42704882916205e-35	1,62811464874861e-31	0,96	0,522	8	All	0,75
MFSD1	0,766197998433818	1,80465581889723e-34	5,41396745669169e-31	0,788	0,247	8	All	0,75
LGALS1	1,31347296046819	1,24947286423792e-33	3,74841859271375e-30	1	0,391	8	All	0,75
PFN1	0,695168340041537	4,18359112551348e-33	1,25507733765404e-29	0,99	0,493	8	All	0,75
AP1S2	0,956448071060141	1,31857061851354e-32	3,95571185554061e-29	0,929	0,396	8	All	0,75
GABARAP	0,885608835524458	2,08827972222894e-32	6,26483916668681e-29	0,98	0,457	8	All	0,75
CD86	0,873698349700277	8,60272831425485e-32	2,58081849427645e-28	0,899	0,134	8	All	0,75
SYK	0,653047068726215	3,55523928759544e-31	1,06657178627863e-27	0,848	0,27	8	All	0,75
AP2S1	0,82474982742197	6,26209771193596e-31	1,87862931358079e-27	0,96	0,486	8	All	0,75
RAC1	0,868444527247327	1,30960297969281e-30	3,92880893907844e-27	0,949	0,388	8	All	0,75
CASP1	0,94453597016252	2,98188182380301e-30	8,94564547140904e-27	0,828	0,332	8	All	0,75
PPT1	1,01074801798195	9,73895715939821e-30	2,92168714781946e-26	0,889	0,424	8	All	0,75
MYL6	0,742098514957016	7,96939688480447e-29	2,39081906544134e-25	0,939	0,476	8	All	0,75
EFHD2	0,755511505788865	4,81179673198366e-28	1,4435390195951e-24	0,99	0,448	8	All	0,75
PTPRE	0,766735735731995	3,45774104736704e-27	1,03732231421011e-23	0,859	0,308	8	All	0,75
CLIC1	0,812754747100275	8,25241952517475e-27	2,47572585755243e-23	0,98	0,507	8	All	0,75
VIM	1,00050460799102	9,94930078869618e-27	2,98479023660885e-23	0,98	0,504	8	All	0,75
PLEK	0,67773565054054	2,68691836530888e-25	8,06075509592665e-22	0,848	0,319	8	All	0,75
TAGLN2	1,08433733331224	6,57993887080135e-25	1,9739816612404e-21	0,929	0,491	8	All	0,75
PYCARD	0,691180697896044	7,48930047981444e-25	2,24679014394433e-21	0,919	0,431	8	All	0,75
PLEKHO1	0,674726153239779	1,4990007806603e-24	4,4970023419809e-21	0,848	0,359	8	All	0,75
CYBA	0,699779535255558	3,57572021319109e-23	1,07271606395733e-19	0,98	0,496	8	All	0,75
CRTAP	0,639418529606158	5,12019511876859e-23	1,53605853563058e-19	0,808	0,328	8	All	0,75
GPX1	0,801631595460969	3,98102436286207e-22	1,19430730885862e-18	0,99	0,429	8	All	0,75
SRGN	0,698146857444551	7,3723055422953e-22	2,21169166268859e-18	0,96	0,451	8	All	0,75
LGALS3	0,512280463599833	1,13783967898615e-21	3,41351903695844e-18	0,848	0,312	8	All	0,75
CAPG	0,812394908198036	5,7455090414202e-21	1,72365271242606e-17	0,768	0,315	8	All	0,75
TIMP1	0,616227434455424	1,20805380759875e-20	3,62416142279624e-17	0,848	0,435	8	All	0,75
ANXA1	0,903592200584567	8,47983526266315e-20	2,54395057879894e-16	0,859	0,468	8	All	0,75
AIF1	0,635606037435709	6,53407662532534e-19	1,9602229875976e-15	0,97	0,393	8	All	0,75
LYN	0,515998473892604	7,18643208261975e-19	2,15592962478592e-15	0,778	0,302	8	All	0,75
LST1	0,540907502052583	9,27035504730417e-19	2,78110651419125e-15	0,869	0,344	8	All	0,75
TPM4	0,580912176525639	1,01260820931762e-18	3,03782462795286e-15	0,758	0,344	8	All	0,75
TYMP	0,533193312728009	1,17156910079874e-18	3,51470730239622e-15	0,929	0,386	8	All	0,75
BID	0,706606578489987	1,55904209505253e-18	4,6771262851576e-15	0,828	0,232	8	All	0,75
FOS	0,651025139028863	1,86317476459499e-18	5,58952429378498e-15	0,99	0,39	8	All	0,75
ATP6V0B	0,657706805007513	3,21289459563809e-18	9,63868378691427e-15	0,889	0,48	8	All	0,75
ITGB2	0,582828779030083	2,01717582207847e-17	6,05152746623542e-14	0,939	0,494	8	All	0,75
ZYX	0,631660521686785	1,10576555113367e-16	3,31729665340101e-13	0,788	0,389	8	All	0,75
ZEB2	0,587283077138571	1,25400502998875e-16	3,76201508996626e-13	0,778	0,325	8	All	0,75
CARD16	0,671750379925781	2,54099285749166e-16	7,62297857247497e-13	0,798	0,453	8	All	0,75
S100A11	0,56804626455772	8,34446595588195e-16	2,50333978676458e-12	0,949	0,436	8	All	0,75
NPC2	0,538823071001083	1,21565583510711e-15	3,64696750532133e-12	0,859	0,442	8	All	0,75
LCP1	0,562812529340798	5,05777610816313e-15	1,51733283244894e-11	0,929	0,585	8	All	0,75
NFKBIA	0,57665396652489	1,23209988396398e-14	3,69629965189195e-11	0,778	0,402	8	All	0,75
ASAP1	3,32766862535578	1,97342142736855e-14	5,92026428210565e-11	0,778	0,153	8	All	0,75
ITGA4	0,509725018094406	3,20750855463023e-12	9,62252566389068e-09	0,808	0,457	8	All	0,75
RGS10	0,503081160343469	4,2082669758268e-12	1,26248009274804e-08	0,899	0,551	8	All	0,75
CD300H	1,35132786502129	1,22122833007313e-227	3,66368499021939e-224	0,82	0,015	9	All	0,75
FCGR3A	3,35949831900117	7,73457249265602e-179	2,32037174779681e-175	1	0,056	9	All	0,75
SIGLEC10	1,3911623580493	5,52705424369951e-127	1,65811627310985e-123	0,82	0,061	9	All	0,75
TCF7L2	1,86246350569708	4,65226731247521e-122	1,39568019374256e-118	0,91	0,064	9	All	0,75
MS4A7	2,66239645867559	3,99297129321871e-119	1,19789138796561e-115	0,978	0,134	9	All	0,75
HMOX1	1,77716002247547	7,01361480380135e-110	2,10408444114041e-106	0,944	0,111	9	All	0,75
CSF1R	1,93679844166547	4,34611919787474e-108	1,30383575936242e-104	0,944	0,128	9	All	0,75
SMIM25	2,50756917919695	4,10213689890761e-107	1,23064106967228e-103	1	0,169	9	All	0,75
MTSS1	1,75320839662687	4,0105433602069e-97	1,20316300806207e-93	0,978	0,134	9	All	0,75
MAFB	1,80566616468009	5,75442090537978e-93	1,72632627161393e-89	0,91	0,145	9	All	0,75
PILRA	1,6793459687929	4,04957087451604e-89	1,21487126235481e-85	0,966	0,169	9	All	0,75
LILRB1	1,33014106070211	1,11882613334372e-87	3,35647840003116e-84	0,933	0,148	9	All	0,75
LRRC25	1,64220398532303	1,73959052317492e-87	5,21877156952477e-84	0,944	0,163	9	All	0,75
LILRA1	1,36513199530412	1,30160381969963e-86	3,9048114590989e-83	0,876	0,114	9	All	0,75
GPBAR1	1,03967798907706	1,74264119633238e-83	5,22792358899714e-80	0,787	0,098	9	All	0,75
SECTM1	1,04606634514492	3,77263247791086e-83	1,13178974337326e-79	0,798	0,092	9	All	0,75
LILRB2	2,22569530881927	6,39402930002891e-83	1,91820879000867e-79	1	0,249	9	All	0,75
HCK	1,86443059911672	6,72594659864504e-79	2,01778397959351e-75	1	0,249	9	All	0,75
ABI3	1,68329091317106	1,64570966529511e-78	4,93712899588533e-75	0,955	0,173	9	All	0,75
SERPINA1	2,55338220017082	1,57939210506185e-77	4,73817631518556e-74	1	0,284	9	All	0,75
WARS1	1,62822968237342	4,31854923692735e-75	1,29556477107821e-71	0,944	0,175	9	All	0,75
LILRA5	1,38155592958029	2,1769941580823e-73	6,5309824742469e-70	0,888	0,158	9	All	0,75
LST1	2,95931393419483	2,71858890262557e-73	8,15576670787672e-70	1	0,343	9	All	0,75
LYN	2,09481635337973	3,67415108426608e-70	1,10224532527982e-66	1	0,301	9	All	0,75
ADGRE2	1,27205929157341	1,17515088523724e-69	3,52545265571171e-66	0,831	0,11	9	All	0,75
HK3	1,23086654859626	3,87560803209251e-69	1,16268240962775e-65	0,899	0,175	9	All	0,75
CFD	2,21230819780397	5,66366233901304e-68	1,69909870170391e-64	1	0,271	9	All	0,75
FCER1G	2,59438935451296	5,20987224606534e-67	1,5629616738196e-63	1	0,355	9	All	0,75
AC090559.1	1,05341188966012	5,52631211371471e-67	1,65789363411441e-63	0,787	0,112	9	All	0,75
INSIG1	1,59413573889494	9,35069922542116e-65	2,80520976762635e-61	0,831	0,124	9	All	0,75
SLC7A7	1,25132250170629	5,30315393045784e-63	1,59094617913735e-59	0,91	0,184	9	All	0,75
FAM110A	1,47654747623735	1,59415147913979e-62	4,78245443741937e-59	0,888	0,165	9	All	0,75
SPI1	1,95575305491458	8,96523887085903e-62	2,68957166125771e-58	1	0,345	9	All	0,75
BCL2A1	1,52334958252457	1,40100353226572e-61	4,20301059679716e-58	0,865	0,164	9	All	0,75
AIF1	2,44916462382957	4,67264990801215e-61	1,40179497240365e-57	1	0,393	9	All	0,75
PECAM1	2,0652786501492	1,00488874164045e-60	3,01466622492135e-57	0,989	0,35	9	All	0,75
CX3CR1	1,35256239513631	2,9804738683339e-60	8,94142160500171e-57	0,843	0,151	9	All	0,75
TBXAS1	1,48702380579311	4,07861216926246e-60	1,22358365077874e-56	0,944	0,228	9	All	0,75
SAT1	2,68352082304567	1,12769198467935e-59	3,38307595403804e-56	1	0,384	9	All	0,75
IFITM3	2,59224468283534	1,40436191058804e-59	4,21308573176413e-56	0,989	0,435	9	All	0,75
PIK3AP1	1,1574098025451	1,43411085754484e-59	4,30233257263451e-56	0,831	0,156	9	All	0,75
ITGAX	1,14228866088575	1,51340174327648e-59	4,54020522982944e-56	0,876	0,172	9	All	0,75
COTL1	2,47735467609559	5,55232414120047e-58	1,66569724236014e-54	1	0,463	9	All	0,75
TNFRSF1B	1,65024467215616	7,70273877557738e-58	2,31082163267321e-54	0,989	0,346	9	All	0,75
CST3	2,16637018723284	1,1649967267717e-57	3,49499018031511e-54	1	0,332	9	All	0,75
LILRA2	1,26535018274897	1,35738117310213e-57	4,07214351930638e-54	0,854	0,187	9	All	0,75
PSAP	2,63222049440909	1,36691667646974e-57	4,10075002940922e-54	1	0,404	9	All	0,75
CALHM6	1,37106757121314	2,72986080538593e-57	8,1895824161578e-54	0,966	0,263	9	All	0,75
CEBPB	1,85085267380289	4,30444488925106e-57	1,29133346677532e-53	0,989	0,407	9	All	0,75
C5AR1	1,01762110227532	4,71153043841828e-57	1,41345913152548e-53	0,787	0,143	9	All	0,75
NPC2	1,77852104356773	3,06677627556593e-56	9,20032882669779e-53	1	0,441	9	All	0,75
TIMP1	1,96112677641984	1,11544643671995e-52	3,34633931015985e-49	1	0,434	9	All	0,75
NAPSB	1,19711143715739	4,64671624291566e-52	1,3940148728747e-48	0,955	0,249	9	All	0,75
SCIMP	1,07603588714519	5,69515699217017e-52	1,70854709765105e-48	0,831	0,15	9	All	0,75
HLA-DPA1	1,92559690624199	6,05459313184999e-52	1,816377939555e-48	1	0,404	9	All	0,75
FTH1	1,97782668693342	1,21607774861261e-51	3,64823324583783e-48	1	0,419	9	All	0,75
FTL	2,12640014081822	1,82229883177244e-51	5,46689649531732e-48	1	0,354	9	All	0,75
RHOB	1,41014859125129	5,17411694746312e-50	1,55223508423894e-46	0,888	0,233	9	All	0,75
CTSS	1,93782777542287	8,36944327513209e-50	2,51083298253963e-46	1	0,388	9	All	0,75
LMO2	1,11725718540168	1,75358477941119e-49	5,26075433823357e-46	0,831	0,192	9	All	0,75
FGR	1,46517668650836	4,93131623744668e-48	1,479394871234e-44	0,978	0,338	9	All	0,75
CPPED1	1,00700455212293	1,40424031716336e-46	4,21272095149009e-43	0,843	0,179	9	All	0,75
S100A11	1,75178894190087	2,4455002464671e-46	7,33650073940131e-43	1	0,436	9	All	0,75
CFP	1,23202596567361	4,85182531500252e-46	1,45554759450075e-42	0,876	0,238	9	All	0,75
FGL2	1,2306539142642	8,85451537505267e-46	2,6563546125158e-42	0,921	0,261	9	All	0,75
STXBP2	1,43010598800649	1,14039349609269e-45	3,42118048827808e-42	0,966	0,309	9	All	0,75
CLEC7A	0,935665933708745	1,2005685831873e-44	3,60170574956191e-41	0,888	0,212	9	All	0,75
ANXA5	1,30828498730957	2,8138282156005e-44	8,44148464680149e-41	1	0,385	9	All	0,75
HLA-DRB5	1,3413760228305	1,53990616224824e-43	4,61971848674471e-40	1	0,326	9	All	0,75
LYST	1,25094453288238	3,10025869847408e-43	9,30077609542225e-40	0,944	0,331	9	All	0,75
C19orf38	0,853937008154774	1,06160335192338e-42	3,18481005577013e-39	0,775	0,168	9	All	0,75
SPN	1,16110127682361	2,00126162775901e-42	6,00378488327703e-39	0,933	0,336	9	All	0,75
MARCKS	1,04298718051513	2,87403115913939e-42	8,62209347741818e-39	0,798	0,18	9	All	0,75
STX11	0,94904999112904	3,4903685853066e-42	1,04711057559198e-38	0,764	0,155	9	All	0,75
CARD16	1,20562997437464	4,95223298710798e-42	1,48566989613239e-38	0,978	0,452	9	All	0,75
CTSC	1,81429869089914	6,48611686854299e-42	1,9458350605629e-38	0,921	0,356	9	All	0,75
CUX1	1,6652173241816	8,79252891528215e-42	2,63775867458465e-38	0,809	0,241	9	All	0,75
TYROBP	1,54055018131872	1,08228351533997e-40	3,2468505460199e-37	1	0,371	9	All	0,75
IGSF6	1,05865662020685	1,24781400446339e-40	3,74344201339018e-37	0,865	0,223	9	All	0,75
CPVL	0,920668044798914	2,56838356705264e-40	7,70515070115792e-37	0,764	0,183	9	All	0,75
RXRA	0,846922085238929	4,90441631767493e-40	1,47132489530248e-36	0,787	0,176	9	All	0,75
OAZ1	1,11486617888664	6,74679726952975e-40	2,02403918085893e-36	0,989	0,543	9	All	0,75
SH3BP2	0,974524547441679	1,06981392492102e-39	3,20944177476305e-36	0,888	0,272	9	All	0,75
ASAH1	1,27300784780234	2,27923274489194e-39	6,83769823467583e-36	0,933	0,377	9	All	0,75
DUSP6	0,889643790020743	3,96821696925316e-39	1,19046509077595e-35	0,854	0,222	9	All	0,75
TCIRG1	6,15932023680566	1,44033124034538e-37	4,32099372103615e-34	0,944	0,367	9	All	0,75
LILRB3	0,745833458159477	2,37779705924578e-37	7,13339117773734e-34	0,753	0,168	9	All	0,75
CASP1	1,15844868234742	2,48281636071996e-37	7,44844908215987e-34	0,91	0,332	9	All	0,75
MYL6	1,08906309915797	3,61925702669273e-37	1,08577710800782e-33	0,955	0,476	9	All	0,75
BRI3	1,25814925430159	4,0773437680164e-37	1,22320313040492e-33	0,989	0,497	9	All	0,75
HLA-DRA	1,22629516160476	8,07845155554446e-37	2,42353546666334e-33	1	0,34	9	All	0,75
KLF4	0,884664779871833	8,6411340233612e-37	2,59234020700836e-33	0,843	0,23	9	All	0,75
CD300A	0,834181703863601	9,8080305505098e-37	2,94240916515294e-33	0,753	0,165	9	All	0,75
PLAC8	1,19450002127725	1,18112717000645e-36	3,54338151001936e-33	0,899	0,386	9	All	0,75
ACTB	0,988605147642408	2,0118398578508e-36	6,0355195735524e-33	0,966	0,532	9	All	0,75
TYMP	1,27426373587613	2,89860867743566e-36	8,69582603230699e-33	0,989	0,386	9	All	0,75
CYBB	1,16942878058114	2,9250586188133e-36	8,77517585643989e-33	0,978	0,343	9	All	0,75
PTPN6	3,46247506747387	4,76518477785537e-36	1,42955543335661e-32	0,91	0,386	9	All	0,75
NCF2	0,913660314195416	5,17073127675386e-36	1,55121938302616e-32	0,91	0,262	9	All	0,75
HLA-DPB1	1,21887435309038	8,60919020404655e-36	2,58275706121396e-32	0,978	0,368	9	All	0,75
BID	7,75022686281954	1,26751158734169e-35	3,80253476202508e-32	0,921	0,232	9	All	0,75
PFN1	0,89042681256154	3,07597783539808e-35	9,22793350619424e-32	0,978	0,494	9	All	0,75
PRAM1	0,747478827425533	1,77508591021564e-34	5,32525773064691e-31	0,787	0,213	9	All	0,75
PRKCD	0,729863009087812	2,10309010939209e-34	6,30927032817628e-31	0,843	0,232	9	All	0,75
NFKBIZ	1,1859253003108	2,61721272357268e-34	7,85163817071803e-31	0,82	0,278	9	All	0,75
CTSZ	1,12039861128682	4,19803979651908e-34	1,25941193895573e-30	0,944	0,379	9	All	0,75
ARAP1	0,612121607097854	9,31549679254489e-33	2,79464903776347e-29	0,82	0,222	9	All	0,75
POU2F2	1,15693618890425	1,47748139128132e-32	4,43244417384396e-29	0,876	0,367	9	All	0,75
EHBP1L1	0,961003006893214	2,57816798580551e-32	7,73450395741654e-29	0,843	0,297	9	All	0,75
ANXA2	1,10964769709139	4,47023242881497e-32	1,34106972864449e-28	0,955	0,422	9	All	0,75
LGALS3	0,950018147629949	1,03062453374071e-30	3,09187360122214e-27	0,921	0,312	9	All	0,75
ADGRE5	1,11771857080425	1,62519876150592e-30	4,87559628451777e-27	0,91	0,445	9	All	0,75
MPEG1	0,757702877705214	2,249672866752e-30	6,749018600256e-27	0,854	0,267	9	All	0,75
LTA4H	1,22736687289235	2,29245665441731e-30	6,87736996325194e-27	0,955	0,506	9	All	0,75
FGD2	1,33160209254828	4,14782204607082e-30	1,24434661382125e-26	0,876	0,155	9	All	0,75
ZEB2	1,13776760459023	5,42533290791955e-30	1,62759987237586e-26	0,888	0,325	9	All	0,75
IFNGR2	0,911283758965579	2,00011182445501e-29	6,00033547336502e-26	0,843	0,317	9	All	0,75
SLC11A1	0,788553255277535	3,13177827569503e-29	9,3953348270851e-26	0,809	0,226	9	All	0,75
RAB31	0,662080094026454	7,2070876591789e-29	2,16212629775367e-25	0,753	0,22	9	All	0,75
LGALS1	1,16424615229016	9,84716203829148e-29	2,95414861148744e-25	0,989	0,391	9	All	0,75
ITGA4	1,02686890723447	1,4138504652446e-28	4,24155139573379e-25	0,91	0,456	9	All	0,75
RNF130	0,853983430067204	2,34169477320958e-28	7,02508431962874e-25	0,921	0,36	9	All	0,75
HLA-DRB1	0,89997750730207	2,37898459373669e-28	7,13695378121006e-25	0,921	0,329	9	All	0,75
CD74	0,778215135367864	6,21841037198242e-28	1,86552311159473e-24	1	0,422	9	All	0,75
CYBA	0,957493442638069	9,40991333309683e-28	2,82297399992905e-24	0,989	0,497	9	All	0,75
LCP1	0,954987808551408	1,21282638967626e-27	3,63847916902879e-24	0,966	0,585	9	All	0,75
PYCARD	1,0307747454617	1,6028792571949e-27	4,80863777158471e-24	0,921	0,432	9	All	0,75
EFHD2	0,84089380751979	1,67764697097377e-27	5,0329409129213e-24	0,989	0,449	9	All	0,75
ITGAL	0,90050611319871	5,74002465959273e-27	1,72200739787782e-23	0,787	0,296	9	All	0,75
MT-CO1	0,742000632797904	1,833092853992e-26	5,499278561976e-23	0,91	0,515	9	All	0,75
SNX10	0,745699740135837	9,54749884196101e-25	2,8642496525883e-21	0,753	0,245	9	All	0,75
TIMP2	0,661076947420603	2,07843257884242e-24	6,23529773652725e-21	0,753	0,244	9	All	0,75
NEAT1	1,04580383567912	3,68779151126353e-24	1,10633745337906e-20	0,978	0,445	9	All	0,75
CTSH	0,715679309757611	5,00609367941783e-24	1,50182810382535e-20	0,854	0,307	9	All	0,75
PAK1	0,670277651582423	5,27621878940081e-24	1,58286563682024e-20	0,764	0,236	9	All	0,75
PLEK	0,756540100458921	8,93392613032679e-24	2,68017783909804e-20	0,831	0,32	9	All	0,75
GABARAP	0,764631527105672	5,07964197611251e-23	1,52389259283375e-19	0,978	0,457	9	All	0,75
C1orf162	0,811062993350961	9,10442135250899e-23	2,7313264057527e-19	0,921	0,523	9	All	0,75
TUBA1B	1,22778183400004	3,81934015253326e-22	1,14580204575998e-18	0,888	0,536	9	All	0,75
S100A4	1,06817675823732	6,0506302840727e-22	1,81518908522181e-18	0,989	0,497	9	All	0,75
IFITM2	0,84108814734834	1,05653872286103e-21	3,16961616858309e-18	0,899	0,522	9	All	0,75
PTPN18	0,70490611230612	3,33721153053045e-21	1,00116345915914e-17	0,798	0,313	9	All	0,75
CD68	3,54913701494585	5,31113047024031e-21	1,59333914107209e-17	0,787	0,126	9	All	0,75
SH3BGRL3	0,731918939137128	5,67143299073754e-21	1,70142989722126e-17	0,978	0,486	9	All	0,75
MYO1F	0,643718723191008	1,07355201261604e-20	3,22065603784812e-17	0,888	0,36	9	All	0,75
FCN1	0,963716230598572	2,44504849857535e-20	7,33514549572605e-17	0,876	0,311	9	All	0,75
AP2S1	0,73040152278359	5,33844151192948e-20	1,60153245357885e-16	0,91	0,487	9	All	0,75
ITGB2	0,748516177893654	6,7500713620154e-20	2,02502140860462e-16	0,978	0,494	9	All	0,75
FCGRT	0,720324291204073	5,80319872304972e-19	1,74095961691492e-15	0,831	0,378	9	All	0,75
VMP1	0,611755990826394	6,44724594114938e-19	1,93417378234481e-15	0,775	0,313	9	All	0,75
TLN1	0,817654728597448	1,43938504999611e-18	4,31815514998833e-15	0,921	0,553	9	All	0,75
RAP1B	0,65763910771438	2,29947607166863e-18	6,8984282150059e-15	0,831	0,404	9	All	0,75
CLIC1	0,706747369725937	2,93921792146077e-18	8,81765376438232e-15	0,933	0,508	9	All	0,75
S100A6	0,863338346396987	9,73798959592521e-18	2,92139687877756e-14	0,966	0,404	9	All	0,75
TKT	0,705479912661867	1,1864800016218e-17	3,55944000486541e-14	0,831	0,389	9	All	0,75
ADA2	0,721841367947321	1,53581839610268e-17	4,60745518830805e-14	0,764	0,32	9	All	0,75
CD86	4,10454017897889	1,73907078313542e-17	5,21721234940625e-14	0,775	0,136	9	All	0,75
CTSB	0,644423018742633	2,59627608210569e-17	7,78882824631707e-14	0,854	0,397	9	All	0,75
IQGAP1	0,618723516659923	5,24036143440314e-17	1,57210843032094e-13	0,944	0,53	9	All	0,75
CD52	0,65824826921529	9,84392847653408e-17	2,95317854296022e-13	0,888	0,546	9	All	0,75
SAMHD1	0,738748832907695	1,12852702024733e-16	3,38558106074199e-13	0,888	0,524	9	All	0,75
GLIPR1	0,605625115413278	1,51185410895541e-16	4,53556232686624e-13	0,865	0,437	9	All	0,75
DUSP1	0,671783652098933	2,30360223633352e-16	6,91080670900056e-13	0,888	0,424	9	All	0,75
PPT1	0,695447215930283	2,76316737327617e-16	8,2895021198285e-13	0,831	0,425	9	All	0,75
GRN	0,537803919006106	5,39219795758093e-16	1,61765938727428e-12	0,854	0,349	9	All	0,75
AP1S2	0,563934488607227	5,42162571887162e-16	1,62648771566149e-12	0,843	0,397	9	All	0,75
SNX2	0,561881728459746	9,4059178055878e-16	2,82177534167634e-12	0,787	0,37	9	All	0,75
TUBA1A	0,692897454629929	2,76327424110911e-15	8,28982272332732e-12	0,764	0,392	9	All	0,75
FLNA	0,726204677169819	1,47621068693382e-14	4,42863206080146e-11	0,775	0,415	9	All	0,75
ATP6V0B	0,804580541698758	3,74339663056385e-14	1,12301898916915e-10	0,865	0,48	9	All	0,75
RILPL2	3,16885095849295	1,33164965607063e-13	3,9949489682119e-10	0,809	0,306	9	All	0,75
MACROH2A1	0,527277823512698	3,61421621182224e-13	1,08426486354667e-09	0,854	0,476	9	All	0,75
RAC1	0,507750496986122	6,21563551404475e-13	1,86469065421343e-09	0,775	0,391	9	All	0,75
THEMIS2	1,55831206465741	2,80924057352285e-12	8,42772172056855e-09	0,798	0,266	9	All	0,75
SRGN	0,538352604504213	1,09516061840835e-11	3,28548185522505e-08	0,787	0,453	9	All	0,75
MALAT1	1,66614795906848	3,45499177718104e-39	1,03649753315431e-35	0,918	0,549	10	All	0,75
MT-ND4L	0,975785007918266	5,46551849128677e-26	1,63965554738603e-22	0,906	0,557	10	All	0,75
FGF23	1,10686477280989	3,61532900979172e-22	1,08459870293752e-18	0,824	0,416	10	All	0,75
ATM	1,28412102968975	1,92933769806754e-20	5,78801309420262e-17	0,753	0,385	10	All	0,75
TSPAN7	2,53170472547887	2,81562799857159e-19	8,44688399571477e-16	0,753	0,344	10	All	0,75
MT-CO1	0,601034349010134	9,87346005265323e-17	2,96203801579597e-13	0,824	0,516	10	All	0,75
AL512646.1	0,756153260455843	3,93405248341491e-16	1,18021574502447e-12	0,824	0,34	10	All	0,75
LINC00861	0,876476969176686	2,36747458410449e-15	7,10242375231347e-12	0,788	0,436	10	All	0,75
AC010970.1	1,50453258561208	7,04205773420042e-15	2,11261732026013e-11	0,765	0,433	10	All	0,75
IL7R	0,903214261496204	1,14946150812616e-12	3,44838452437847e-09	0,824	0,451	10	All	0,75
LEF1	0,510895834637544	3,41278858291844e-08	0,000102383657487553	0,753	0,441	10	All	0,75
BX571818.1	1,98299514899554	1,35778514815394e-194	4,07335544446181e-191	0,875	0,028	11	All	0,75
CLEC4C	2,04223271754214	1,143729882148e-156	3,43118964644401e-153	0,844	0,006	11	All	0,75
LILRA4	3,136969831219	3,09025875800164e-133	9,27077627400493e-130	0,844	0,01	11	All	0,75
MZB1	2,36142666965744	1,03444937058187e-131	3,1033481117456e-128	0,875	0,028	11	All	0,75
IGKC	1,64190044947621	1,0150586461514e-129	3,04517593845421e-126	0,781	0,048	11	All	0,75
DERL3	1,65791520409585	2,76098089921767e-121	8,28294269765301e-118	0,812	0,016	11	All	0,75
PLD4	3,38356277370397	3,90291087363598e-119	1,17087326209079e-115	0,844	0,06	11	All	0,75
JCHAIN	2,6204759212554	3,2481128365004e-116	9,74433850950121e-113	0,812	0,035	11	All	0,75
TSPAN13	1,53540652329615	1,64808172884754e-111	4,94424518654261e-108	0,781	0,048	11	All	0,75
GZMB	3,50538916589278	5,81414242575203e-111	1,74424272772561e-107	0,828	0,05	11	All	0,75
SERPINF1	2,5725925645489	7,0960731790858e-108	2,12882195372574e-104	0,844	0,03	11	All	0,75
TPM2	2,10759254664641	1,72804942346003e-107	5,1841482703801e-104	0,812	0,024	11	All	0,75
BLNK	1,57636088108892	1,46374544510517e-103	4,39123633531552e-100	0,797	0,054	11	All	0,75
IL3RA	2,07651626932069	1,60930819533477e-94	4,8279245860043e-91	0,812	0,026	11	All	0,75
CLIC3	2,14853948224746	2,34368567426121e-83	7,03105702278363e-80	0,781	0,071	11	All	0,75
ITM2C	3,32510988499642	4,41991777509093e-82	1,32597533252728e-78	0,969	0,115	11	All	0,75
DNASE1L3	1,61660227616273	2,36557041591548e-81	7,09671124774645e-78	0,766	0,018	11	All	0,75
TCF4	2,8323528931633	8,30423480975253e-79	2,49127044292576e-75	0,906	0,088	11	All	0,75
CCDC50	2,62653713305415	3,67041204877977e-73	1,10112361463393e-69	0,844	0,083	11	All	0,75
UGCG	2,78077025481261	4,80179252515693e-63	1,44053775754708e-59	0,844	0,114	11	All	0,75
BCL11A	2,17592247061395	7,86685785287753e-61	2,36005735586326e-57	0,922	0,149	11	All	0,75
C12orf75	2,44551944307295	5,09035245256255e-58	1,52710573576877e-54	0,844	0,139	11	All	0,75
CXCR3	1,29217210901792	2,98649248691883e-56	8,95947746075648e-53	0,766	0,082	11	All	0,75
IRF8	3,32143858207081	3,73898331308986e-51	1,12169499392696e-47	0,828	0,174	11	All	0,75
RUNX2	1,62718718037537	1,15292522152646e-50	3,45877566457939e-47	0,781	0,105	11	All	0,75
CXXC5	1,00821450385713	1,47464163414892e-50	4,42392490244676e-47	0,875	0,14	11	All	0,75
PPP1R14B	2,85654526003888	1,53594802879317e-49	4,6078440863795e-46	0,953	0,269	11	All	0,75
GAPT	1,33138244056493	1,2613401341569e-48	3,78402040247071e-45	0,859	0,161	11	All	0,75
APP	2,65360787696496	8,1610991885434e-47	2,44832975656302e-43	0,906	0,229	11	All	0,75
GSN	1,26333214318533	6,17088520679158e-46	1,85126556203748e-42	0,875	0,155	11	All	0,75
IRF7	3,3340782081957	4,8989545270752e-45	1,46968635812256e-41	0,828	0,196	11	All	0,75
STMN1	1,81623179055617	8,65236109562068e-45	2,5957083286862e-41	0,891	0,223	11	All	0,75
HLA-DMA	1,40796578018524	1,57011146834846e-37	4,71033440504539e-34	0,953	0,268	11	All	0,75
RNASE6	1,54582007872495	1,63523443586017e-37	4,9057033075805e-34	0,781	0,187	11	All	0,75
AFF3	0,773350715536296	2,89165834564412e-36	8,67497503693237e-33	0,766	0,127	11	All	0,75
NAPSB	2,23944336900026	5,72392001870006e-36	1,71717600561002e-32	0,812	0,252	11	All	0,75
CYB561A3	1,65544521675931	1,26832614146594e-34	3,80497842439784e-31	0,766	0,181	11	All	0,75
TAGLN2	1,67766792265402	2,39778632148143e-33	7,19335896444429e-30	1	0,493	11	All	0,75
PLEK	1,62408337430308	5,78568245350774e-33	1,73570473605232e-29	0,891	0,32	11	All	0,75
CCDC88A	1,26539741467308	5,20056698495323e-32	1,56017009548597e-28	0,875	0,24	11	All	0,75
MPEG1	1,54258912645982	7,31670430288979e-32	2,19501129086694e-28	0,797	0,269	11	All	0,75
PLAC8	1,56694953344272	1,34475077148986e-30	4,03425231446957e-27	0,875	0,388	11	All	0,75
HERPUD1	2,16961871205878	4,04382620656981e-29	1,21314786197094e-25	0,812	0,323	11	All	0,75
HLA-DRA	1,54018901259973	4,86508353353919e-29	1,45952506006176e-25	0,969	0,341	11	All	0,75
NPC2	1,71318411528484	8,46622141116319e-29	2,53986642334896e-25	0,891	0,443	11	All	0,75
MEF2C	1,09708958094039	1,39604552102539e-28	4,18813656307617e-25	0,844	0,263	11	All	0,75
CTSC	1,19246326415655	2,41979558849517e-28	7,25938676548551e-25	0,938	0,358	11	All	0,75
HLA-DPA1	1,50326744207222	6,90495593728335e-28	2,071486781185e-24	0,938	0,406	11	All	0,75
ALOX5AP	2,05095948063726	8,66293661094343e-28	2,59888098328303e-24	0,781	0,357	11	All	0,75
RNF130	1,10068655475061	2,57350692454857e-27	7,7205207736457e-24	0,953	0,361	11	All	0,75
HSP90B1	2,08095846794404	4,39148652661936e-27	1,31744595798581e-23	0,906	0,405	11	All	0,75
SYK	1,03899843154865	1,69748854007916e-26	5,09246562023747e-23	0,828	0,272	11	All	0,75
CD74	2,04158609208548	3,38641862080602e-26	1,01592558624181e-22	0,969	0,424	11	All	0,75
HLA-DRB5	1,21146091946326	5,93754785970183e-26	1,78126435791055e-22	0,922	0,328	11	All	0,75
HLA-DPB1	0,988397169540683	3,59518897692123e-25	1,07855669307637e-21	0,953	0,37	11	All	0,75
PTPRE	1,31337083881823	4,12015949404871e-25	1,23604784821461e-21	0,797	0,31	11	All	0,75
CUX1	0,963768230284139	1,01416351784461e-22	3,04249055353382e-19	0,797	0,243	11	All	0,75
NUCB2	0,912026055974938	6,08511335822611e-22	1,82553400746783e-18	0,875	0,333	11	All	0,75
TUBA1B	1,62129232564031	6,10897674064947e-22	1,83269302219484e-18	0,875	0,537	11	All	0,75
LYN	0,909075125471973	7,96771282069337e-22	2,39031384620801e-18	0,844	0,304	11	All	0,75
GRN	1,22266007385262	8,36305452402502e-20	2,50891635720751e-16	0,828	0,351	11	All	0,75
GPX1	1,14523075722943	1,24613195700945e-19	3,73839587102835e-16	0,984	0,431	11	All	0,75
FCER1G	1,40527030188001	1,44542771701949e-19	4,33628315105848e-16	0,812	0,358	11	All	0,75
PLP2	1,18679240042627	1,04113058487511e-18	3,12339175462534e-15	0,844	0,518	11	All	0,75
HLA-DRB1	0,766984060871156	1,47451477085021e-17	4,42354431255062e-14	0,875	0,331	11	All	0,75
TUBB	1,17743609376748	2,20064789116348e-17	6,60194367349044e-14	0,953	0,561	11	All	0,75
CTSZ	0,906355207493857	8,58165718170964e-17	2,57449715451289e-13	0,844	0,381	11	All	0,75
CYBA	1,05757480179608	2,2190860196773e-16	6,6572580590319e-13	0,828	0,499	11	All	0,75
HSPA5	0,726885577739972	1,93090443614609e-15	5,79271330843827e-12	0,891	0,469	11	All	0,75
CAPG	0,715129275062078	5,30887156593196e-15	1,59266146977959e-11	0,797	0,317	11	All	0,75
ZEB2	0,566449606290993	1,89608859143624e-14	5,68826577430872e-11	0,875	0,326	11	All	0,75
IQGAP2	1,25963141248989	2,77145080787816e-14	8,31435242363449e-11	0,781	0,325	11	All	0,75
PPP1R15A	0,717870171422311	4,18766409853754e-14	1,25629922956126e-10	0,766	0,341	11	All	0,75
OGT	0,855357261478809	4,81167893742711e-14	1,44350368122813e-10	0,812	0,387	11	All	0,75
MACROH2A1	0,876058661600712	6,82026570423833e-14	2,0460797112715e-10	0,844	0,477	11	All	0,75
CTSB	1,00927761592138	1,81984983253908e-13	5,45954949761724e-10	0,766	0,398	11	All	0,75
XBP1	0,665506813690904	3,31775518138605e-13	9,95326554415816e-10	0,781	0,378	11	All	0,75
ATP6V0B	0,623901723206374	3,18880037714567e-12	9,56640113143702e-09	0,859	0,481	11	All	0,75
CST3	0,761136560013423	7,10774065561629e-12	2,13232219668489e-08	0,828	0,335	11	All	0,75
SRGN	0,751899031245205	1,07560492430062e-11	3,22681477290185e-08	0,828	0,454	11	All	0,75
SAMHD1	1,00655586743029	1,14618393327766e-11	3,43855179983298e-08	0,797	0,526	11	All	0,75
DYNLL1	1,48665292262019	2,32822847882696e-11	6,98468543648088e-08	0,766	0,386	11	All	0,75
FERMT3	0,569503295808644	6,83102213739265e-11	2,04930664121779e-07	0,828	0,474	11	All	0,75
CALR	0,637857323427612	5,06732662775605e-10	1,52019798832681e-06	0,875	0,553	11	All	0,75
PSAP	0,513949749247979	8,95740030641273e-07	0,00268722009192382	0,766	0,407	11	All	0,75
LGALSL	1,8881622315214	3,1761713353902e-174	9,52851400617058e-171	0,756	0,011	12	All	0,75
SPARC	4,47471749360631	2,08082278258399e-117	6,24246834775196e-114	1	0,018	12	All	0,75
CAVIN2	4,94053779419607	2,24680135885674e-115	6,74040407657021e-112	1	0,008	12	All	0,75
CMTM5	3,1502004138112	1,44369698647978e-113	4,33109095943933e-110	0,976	0,007	12	All	0,75
TMEM40	2,75004095791274	1,08451278383747e-110	3,25353835151241e-107	0,878	0,017	12	All	0,75
TUBB1	5,46628256623209	1,71349881109449e-110	5,14049643328346e-107	1	0,005	12	All	0,75
TREML1	3,26051980228015	6,34171873684657e-110	1,90251562105397e-106	0,976	0,007	12	All	0,75
GNG11	4,44732931443247	1,31705430523455e-107	3,95116291570366e-104	1	0,015	12	All	0,75
ITGA2B	2,87627010243684	2,390944572703e-103	7,172833718109e-100	0,927	0,003	12	All	0,75
PF4	4,51254060796205	1,14714924886653e-102	3,4414477465996e-99	1	0,006	12	All	0,75
SNCA	2,10277348299595	2,66460502524768e-102	7,99381507574303e-99	0,829	0,038	12	All	0,75
GMPR	2,29474752898781	2,78574447573112e-102	8,35723342719335e-99	0,902	0,006	12	All	0,75
GP9	4,10496459212158	2,77691329741134e-101	8,33073989223403e-98	0,951	0,005	12	All	0,75
PPBP	6,97373412808198	8,81358149092481e-101	2,64407444727744e-97	1	0,015	12	All	0,75
AC147651.1	2,36108446579591	9,53460830249066e-101	2,8603824907472e-97	0,927	0,016	12	All	0,75
MPIG6B	3,92144121055251	4,04764296887601e-100	1,2142928906628e-96	1	0,022	12	All	0,75
SH3BGRL2	2,1804958825065	1,09260521740173e-98	3,27781565220519e-95	0,878	0,015	12	All	0,75
CLU	4,26229732396498	1,46422899970834e-97	4,39268699912501e-94	1	0,022	12	All	0,75
CLEC1B	2,4420811998921	1,28402846729267e-96	3,85208540187802e-93	0,854	0,036	12	All	0,75
ACRBP	3,67053557281656	3,28832647080118e-95	9,86497941240355e-92	0,951	0,018	12	All	0,75
AL731557.1	2,02677923876383	8,26543688590803e-94	2,47963106577241e-90	0,878	0	12	All	0,75
ALOX12	2,35697086856436	1,67653244776929e-92	5,02959734330786e-89	0,902	0,011	12	All	0,75
PTCRA	2,88313460987094	2,21927226507869e-91	6,65781679523608e-88	0,902	0,006	12	All	0,75
CXCR2P1	2,31702936976573	7,28996613050395e-91	2,18698983915118e-87	0,927	0,018	12	All	0,75
PTGS1	2,74099195121914	6,47300294760575e-90	1,94190088428173e-86	0,927	0,038	12	All	0,75
PRKAR2B	4,83120685427384	8,88244585775369e-89	2,66473375732611e-85	1	0,032	12	All	0,75
AP001189.1	2,12216361541764	2,49096791478889e-87	7,47290374436668e-84	0,854	0	12	All	0,75
TRIM58	3,40998665633796	2,93945888929477e-87	8,81837666788431e-84	0,951	0,031	12	All	0,75
GAS2L1	2,0433183387959	4,41743248997868e-87	1,3252297469936e-83	0,854	0,04	12	All	0,75
GUCY1B1	2,39542558283946	1,17522169372971e-85	3,52566508118914e-82	0,878	0,011	12	All	0,75
MYL9	3,09072897258217	1,42145216665481e-83	4,26435649996442e-80	0,878	0,014	12	All	0,75
CA2	2,55229768951388	3,50744994194978e-83	1,05223498258493e-79	0,902	0,032	12	All	0,75
TSC22D1	3,62462658726239	4,70303874841021e-83	1,41091162452306e-79	0,951	0,033	12	All	0,75
GP1BA	2,51468878668429	4,39638952793384e-81	1,31891685838015e-77	0,829	0,014	12	All	0,75
CTDSPL	2,11681913049771	8,79888644914107e-80	2,63966593474232e-76	0,829	0,024	12	All	0,75
DDX11L10	2,40013830748837	2,86033031150588e-78	8,58099093451763e-75	0,878	0,001	12	All	0,75
PDLIM1	2,52226335776315	3,41084493934286e-77	1,02325348180286e-73	0,927	0,075	12	All	0,75
CDKN1A	2,73137290536991	1,43724455497366e-75	4,31173366492097e-72	0,902	0,064	12	All	0,75
FAXDC2	1,87636146109062	2,50985785561954e-74	7,5295735668586e-71	0,805	0,023	12	All	0,75
MYLK	2,22413411986788	6,32767966120711e-74	1,89830389836213e-70	0,854	0,034	12	All	0,75
RAB27B	2,44553743103409	1,23424875062214e-72	3,70274625186641e-69	0,756	0,027	12	All	0,75
DMTN	2,15836480499897	7,14577104976391e-71	2,14373131492917e-67	0,878	0,061	12	All	0,75
PDE5A	1,73374612749017	1,76295390534532e-70	5,28886171603595e-67	0,78	0,026	12	All	0,75
EHD3	2,15131328143678	3,21391142382718e-70	9,64173427148153e-67	0,829	0,03	12	All	0,75
MGLL	1,72103500430093	7,69445451062289e-70	2,30833635318687e-66	0,829	0,029	12	All	0,75
ITGB5	1,89464838618298	1,28885105227743e-69	3,8665531568323e-66	0,78	0,019	12	All	0,75
MTURN	2,87485422822027	3,35486107865406e-69	1,00645832359622e-65	0,951	0,054	12	All	0,75
CLDN5	1,86212379054429	1,49904945597784e-68	4,49714836793353e-65	0,756	0,002	12	All	0,75
CTTN	1,95182910289507	3,47914303928493e-67	1,04374291178548e-63	0,756	0,003	12	All	0,75
TST	2,04731039334569	5,40597717612852e-67	1,62179315283856e-63	0,829	0,071	12	All	0,75
AP003068.2	1,76229722347414	2,2043293082271e-65	6,61298792468131e-62	0,78	0,024	12	All	0,75
MMRN1	2,30583099082048	5,50210530460689e-65	1,65063159138207e-61	0,756	0,02	12	All	0,75
MAP3K7CL	2,59728346130238	6,04561359425191e-65	1,81368407827557e-61	0,878	0,038	12	All	0,75
TUBA8	1,5086778190713	9,58337095509393e-63	2,87501128652818e-59	0,756	0,001	12	All	0,75
F13A1	3,78896275628196	1,64710714677191e-61	4,94132144031574e-58	0,951	0,139	12	All	0,75
CD9	2,54758581141863	2,74404021026494e-61	8,23212063079481e-58	0,805	0,035	12	All	0,75
ITGB3	1,99758900080798	3,28792659650644e-61	9,86377978951931e-58	0,78	0,007	12	All	0,75
TPM1	2,50858775131343	3,76300782577807e-61	1,12890234773342e-57	0,951	0,072	12	All	0,75
MMD	3,23203719815024	1,07824978798152e-60	3,23474936394456e-57	0,902	0,057	12	All	0,75
H2BC11	2,01252266699487	5,44897949746613e-60	1,63469384923984e-56	0,829	0,036	12	All	0,75
SMOX	1,6199475097221	3,13294056202977e-59	9,39882168608932e-56	0,756	0,016	12	All	0,75
C2orf88	2,39190108776055	3,36352096225918e-58	1,00905628867775e-54	0,78	0,018	12	All	0,75
ENDOD1	1,95444859011628	1,86741208301479e-56	5,60223624904437e-53	0,854	0,054	12	All	0,75
RGS18	4,11426551927944	2,6783136060645e-55	8,03494081819351e-52	0,976	0,15	12	All	0,75
PGRMC1	2,69020895136701	4,38025924931395e-55	1,31407777479418e-51	0,951	0,102	12	All	0,75
CCL5	3,16546219826393	5,62934015196644e-53	1,68880204558993e-49	1	0,123	12	All	0,75
GGTA1P	1,57648072008207	7,57986161218841e-52	2,27395848365652e-48	0,78	0,068	12	All	0,75
ESAM	2,41974870226314	6,28270514744891e-50	1,88481154423467e-46	0,78	0,025	12	All	0,75
THBS1	2,59072792562714	6,9034426479153e-49	2,07103279437459e-45	0,854	0,066	12	All	0,75
MARCHF2	2,84659904738258	3,54962940799876e-47	1,06488882239963e-43	0,976	0,156	12	All	0,75
NRGN	6,27080346145991	2,17825573873234e-46	6,53476721619703e-43	1	0,209	12	All	0,75
ARHGAP18	1,71876165760959	1,27107600949527e-45	3,8132280284858e-42	0,805	0,067	12	All	0,75
BEX3	2,40363728938378	1,40445114292049e-45	4,21335342876148e-42	0,976	0,178	12	All	0,75
GRAP2	2,95626298036494	3,48293665795735e-45	1,0448809973872e-41	1	0,205	12	All	0,75
VCL	3,54456107352212	2,21070701888975e-44	6,63212105666926e-41	0,976	0,182	12	All	0,75
H2AC6	4,09937496915863	4,32035871702713e-44	1,29610761510814e-40	0,976	0,19	12	All	0,75
TSPAN33	2,16334712681408	1,25180765282604e-43	3,75542295847812e-40	0,805	0,081	12	All	0,75
RUFY1	2,99842759144675	2,57177557174528e-43	7,71532671523584e-40	0,976	0,186	12	All	0,75
FHL1	1,82520749659987	1,5876490383686e-41	4,7629471151058e-38	0,78	0,078	12	All	0,75
RNF11	3,12553894788973	4,13108333123489e-41	1,23932499937047e-37	0,951	0,179	12	All	0,75
MPP1	2,96823956574171	4,20378516658499e-41	1,2611355499755e-37	0,927	0,164	12	All	0,75
SMIM3	1,65838829624	4,9472119826815e-41	1,48416359480445e-37	0,78	0,071	12	All	0,75
SNN	2,32444556001596	2,57232471090174e-39	7,71697413270522e-36	0,902	0,14	12	All	0,75
H3C10	2,5625621101037	8,44489063277311e-39	2,53346718983193e-35	0,756	0,067	12	All	0,75
ODC1	3,42716091653362	2,447537036502e-38	7,342611109506e-35	0,951	0,22	12	All	0,75
LIMS1	3,84249267756142	1,61344875550427e-37	4,84034626651281e-34	0,976	0,262	12	All	0,75
PARVB	2,68559731435269	4,42467370310945e-37	1,32740211093283e-33	0,854	0,133	12	All	0,75
CTSA	3,037715513724	5,23866351668197e-37	1,57159905500459e-33	1	0,305	12	All	0,75
CDKN2D	2,80275566257376	2,4842866951272e-36	7,45286008538161e-33	1	0,329	12	All	0,75
RAB32	1,96204574955367	1,38431535306699e-35	4,15294605920096e-32	0,854	0,185	12	All	0,75
TPM4	3,29114382784463	1,79372551514866e-35	5,38117654544597e-32	1	0,345	12	All	0,75
PLA2G12A	1,85954445573661	1,5123265643784e-34	4,53697969313519e-31	0,78	0,092	12	All	0,75
PTPN18	2,89090967734132	1,76762962011662e-34	5,30288886034986e-31	0,976	0,314	12	All	0,75
PRUNE1	1,40276488462807	1,80125599846469e-34	5,40376799539406e-31	0,756	0,084	12	All	0,75
STOM	1,97448437484652	2,16764728494135e-34	6,50294185482405e-31	0,829	0,128	12	All	0,75
NCOA4	3,73975771342123	1,09461110380875e-33	3,28383331142626e-30	1	0,405	12	All	0,75
SLC40A1	2,5908047499183	1,76375697943819e-33	5,29127093831458e-30	0,829	0,146	12	All	0,75
TUBA4A	3,62186819983242	3,6799337464071e-33	1,10398012392213e-29	1	0,435	12	All	0,75
MAX	2,79250995239663	1,6615794867421e-32	4,98473846022629e-29	1	0,435	12	All	0,75
MFSD1	2,4556103115113	6,37552609412866e-32	1,9126578282386e-28	0,927	0,25	12	All	0,75
GSN	2,08924998457519	8,026653875605e-32	2,4079961626815e-28	0,805	0,157	12	All	0,75
PADI4	1,50780978614838	1,50446720337116e-30	4,51340161011347e-27	0,854	0,144	12	All	0,75
ILK	2,63649187773109	4,39945629313484e-30	1,31983688794045e-26	0,927	0,265	12	All	0,75
GPX1	3,82747734826664	1,35650549843636e-29	4,06951649530908e-26	1	0,432	12	All	0,75
KIF2A	2,87996428405107	2,25349113622702e-29	6,76047340868106e-26	0,976	0,384	12	All	0,75
TLN1	3,39309724529629	2,88867556407903e-29	8,66602669223709e-26	1	0,555	12	All	0,75
TGFB1	3,2779393518669	3,86827819234666e-29	1,160483457704e-25	1	0,544	12	All	0,75
RGS10	2,86232380766769	4,91968911146559e-29	1,47590673343968e-25	1	0,552	12	All	0,75
CCDC92	1,8844976571436	7,49109059254849e-29	2,24732717776455e-25	0,78	0,134	12	All	0,75
OAZ1	2,78781486316562	1,2043796751186e-28	3,6131390253558e-25	1	0,545	12	All	0,75
TAGLN2	3,44860510078622	1,54969067449634e-28	4,64907202348903e-25	1	0,494	12	All	0,75
GNAS	18,8863049935501	3,5559825812721e-28	1,06679477438163e-24	1	0,445	12	All	0,75
OST4	19,0960491573631	4,66633642766921e-28	1,39990092830076e-24	1	0,438	12	All	0,75
ACTN1	2,21051466715495	4,78522586163063e-28	1,43556775848919e-24	0,927	0,344	12	All	0,75
MYL12A	2,25213370657645	1,25636558585652e-27	3,76909675756957e-24	1	0,583	12	All	0,75
PTPRJ	1,70062231298508	1,42766549807459e-27	4,28299649422378e-24	0,805	0,153	12	All	0,75
TUBA1C	2,34246838910686	1,97579498327129e-27	5,92738494981386e-24	0,902	0,284	12	All	0,75
YWHAH	2,52955852324783	4,1319124656586e-27	1,23957373969758e-23	0,902	0,32	12	All	0,75
DAPP1	1,76498845350052	5,1163849922198e-27	1,53491549766594e-23	0,805	0,211	12	All	0,75
HLA-E	11,7878583413239	9,22644809467154e-27	2,76793442840146e-23	1	0,447	12	All	0,75
NT5C3A	2,5486383261434	1,19880694844332e-26	3,59642084532995e-23	0,829	0,167	12	All	0,75
TPST2	1,97207904063081	1,23204845321297e-26	3,6961453596389e-23	0,854	0,23	12	All	0,75
FERMT3	2,58683838826825	2,5959106544495e-26	7,78773196334849e-23	0,951	0,474	12	All	0,75
CALM3	19,4979299420548	2,84831452125386e-26	8,54494356376158e-23	0,976	0,398	12	All	0,75
RSU1	18,1765250050904	3,14959821142324e-26	9,44879463426971e-23	0,951	0,233	12	All	0,75
RAP1B	2,89496985690169	3,72879606259508e-26	1,11863881877852e-22	0,951	0,406	12	All	0,75
MTPN	11,8837197063441	1,21386784730233e-25	3,641603541907e-22	0,976	0,397	12	All	0,75
GLUL	1,60952366703551	3,29323668137039e-25	9,87971004411117e-22	0,829	0,237	12	All	0,75
TMSB4X	16,4538022549617	3,41354111019144e-25	1,02406233305743e-21	0,951	0,431	12	All	0,75
MYL6	2,4864889109487	3,72330846860674e-25	1,11699254058202e-21	0,976	0,479	12	All	0,75
PKM	10,2227688722327	4,45591205887241e-25	1,33677361766172e-21	0,976	0,4	12	All	0,75
SAT1	2,12900660781922	7,41740558356823e-25	2,22522167507047e-21	1	0,387	12	All	0,75
CD151	14,7012669595869	8,49735845180126e-25	2,54920753554038e-21	0,878	0,177	12	All	0,75
SH3BGRL3	2,23551249812835	1,28064222134003e-24	3,8419266640201e-21	0,976	0,488	12	All	0,75
APP	1,65733549655863	1,39324038894981e-24	4,17972116684943e-21	0,805	0,231	12	All	0,75
ACTB	1,96133834313861	1,8318294867801e-24	5,49548846034031e-21	0,976	0,534	12	All	0,75
BCL2L1	16,3733171003076	2,97625072513679e-24	8,92875217541036e-21	0,756	0,076	12	All	0,75
STX11	1,45302987263463	4,44053293557602e-24	1,33215988067281e-20	0,78	0,158	12	All	0,75
FTH1	1,92198672065911	5,83455958816555e-24	1,75036787644967e-20	1	0,422	12	All	0,75
TIMP1	2,12516208770439	6,55216303841075e-24	1,96564891152323e-20	0,951	0,437	12	All	0,75
CD99	1,77136734484898	8,35579710707614e-24	2,50673913212284e-20	0,976	0,436	12	All	0,75
FLNA	2,30978277557136	4,92688577147934e-23	1,4780657314438e-19	0,951	0,416	12	All	0,75
SRGN	2,03561552684416	6,39875850995732e-22	1,9196275529872e-18	0,976	0,454	12	All	0,75
LAMTOR1	8,30615176768725	1,16178306516134e-21	3,48534919548402e-18	0,927	0,393	12	All	0,75
NCK2	1,79008968421694	5,11358224453028e-21	1,53407467335908e-17	0,854	0,347	12	All	0,75
GSTO1	2,2094360824752	1,35128852710342e-20	4,05386558131027e-17	0,902	0,389	12	All	0,75
ITGB1	1,68921935006721	2,20201431221341e-20	6,60604293664023e-17	0,829	0,327	12	All	0,75
ZYX	1,88776941187882	4,03448693671327e-20	1,21034608101398e-16	0,902	0,391	12	All	0,75
CYB5R3	16,8158719146695	4,1339127562991e-20	1,24017382688973e-16	0,854	0,291	12	All	0,75
NORAD	1,9305448254354	3,91521689713785e-19	1,17456506914135e-15	0,805	0,264	12	All	0,75
MYH9	10,7460661127086	7,92776839758166e-19	2,3783305192745e-15	0,927	0,41	12	All	0,75
DYNLL1	4,20992842738358	2,26159239658443e-17	6,78477718975329e-14	0,878	0,386	12	All	0,75
PLEK	1,66940522605227	3,92376264299052e-17	1,17712879289715e-13	0,829	0,322	12	All	0,75
PLEKHO1	1,93439188097716	5,46965084612686e-17	1,64089525383806e-13	0,756	0,362	12	All	0,75
HACD4	2,48293740266739	7,26060617851573e-16	2,17818185355472e-12	0,805	0,325	12	All	0,75
YBX3	1,18451432290305	2,80064221827818e-14	8,40192665483453e-11	0,78	0,255	12	All	0,75
TALDO1	1,21856544225289	6,34171526553553e-14	1,90251457966066e-10	0,927	0,568	12	All	0,75
PRKCB	1,18477671156499	1,30304963386232e-12	3,90914890158697e-09	0,829	0,43	12	All	0,75
RAC1	1,15618799471265	1,21664693382515e-11	3,64994080147545e-08	0,805	0,392	12	All	0,75
AP2S1	1,07347561545782	1,59046332392172e-11	4,77138997176515e-08	0,829	0,49	12	All	0,75
ACTG1	0,805809426565247	8,01219323941954e-11	2,40365797182586e-07	0,927	0,558	12	All	0,75
GAPDH	0,924917776480205	1,27766576221028e-10	3,83299728663083e-07	0,927	0,533	12	All	0,75
MT-ND2	1,29438188808572	8,77646076319689e-09	2,63293822895907e-05	0,78	0,43	12	All	0,75
MT-RNR1	0,546540900431447	1,80824699167353e-07	0,000542474097502058	0,878	0,464	12	All	0,75
TUBA1B	2,55564047186745	3,00873535347475e-07	0,000902620606042425	0,756	0,538	12	All	0,75
FCER1G	0,50804457708324	1,62883292575737e-06	0,0048864987772721	0,756	0,359	12	All	0,75
MT-RNR2	0,837945491878881	3,7641746858883e-06	0,0112925240576649	0,78	0,509	12	All	0,75
